{
 "cells": [
  {
   "cell_type": "code",
   "outputs": [],
   "source": [
    "import numpy as np\n",
    "import re\n",
    "import pandas as pd\n",
    "from sklearn.preprocessing import StandardScaler\n",
    "import torch\n",
    "import torch.nn as nn\n",
    "import torch.optim as optim\n",
    "from torch.utils.data import DataLoader, Dataset"
   ],
   "metadata": {
    "collapsed": false,
    "ExecuteTime": {
     "end_time": "2024-08-08T09:16:17.261230Z",
     "start_time": "2024-08-08T09:16:06.016277Z"
    }
   },
   "id": "fc59d43911ca3973",
   "execution_count": 6
  },
  {
   "cell_type": "code",
   "outputs": [],
   "source": [
    "def parse_string_to_dict(s):\n",
    "    # 먼저 key=value 쌍을 구분\n",
    "    pairs = re.findall(r'(\\w+)=(\".*?\"|\\S+)', s)\n",
    "    \n",
    "    # 각 key=value 쌍을 딕셔너리에 저장\n",
    "    parsed_dict = {}\n",
    "    for key, value in pairs:\n",
    "        # 따옴표 제거 및 값의 형태에 따라 변환\n",
    "\n",
    "        if re.match(r'^-?\\d+(\\.\\d+)?$', value):\n",
    "            value = float(value) if '.' in value else int(value)\n",
    "        elif value.startswith('\"') and value.endswith('\"'):\n",
    "            value = list(value[1:-1].split(' '))\n",
    "        parsed_dict[key] = value\n",
    "\n",
    "    return parsed_dict\n",
    "\n",
    "def parse_xyz(filename):\n",
    "    with open(filename, 'r') as file:\n",
    "        lines = file.readlines()\n",
    "    \n",
    "    data = []\n",
    "    start_idx = 0\n",
    "    \n",
    "    while start_idx < len(lines):\n",
    "        num_atoms = int(lines[start_idx].strip())\n",
    "        properties_line = lines[start_idx + 1].strip()\n",
    "        pro_dict = parse_string_to_dict(properties_line)\n",
    "        print(pro_dict)\n",
    "        energy = float(properties_line.split('energy=')[1].split()[0])\n",
    "        \n",
    "        atom_data = []\n",
    "        for i in range(start_idx + 2, start_idx + 2 + num_atoms):\n",
    "            parts = lines[i].split()\n",
    "            atom_type = parts[0]\n",
    "            position = [float(parts[1]), float(parts[2]), float(parts[3])]\n",
    "            force = [float(parts[4]), float(parts[5]), float(parts[6])]\n",
    "            atom_data.append((atom_type, position, force))\n",
    "        \n",
    "        data.append((energy, atom_data))\n",
    "        start_idx += 2 + num_atoms\n",
    "    \n",
    "    return data\n",
    "\n",
    "\n",
    "def create_dataframe(data):\n",
    "    rows = []\n",
    "    for block_id, (energy, atom_data) in enumerate(data):\n",
    "        positions_x = []\n",
    "        positions_y = []\n",
    "        positions_z = []\n",
    "        atom_types = []\n",
    "        forces_x = []\n",
    "        forces_y = []\n",
    "        forces_z = []\n",
    "        for atom in atom_data:\n",
    "            atom_type, position, force = atom\n",
    "            atom_types.append(atom_type)\n",
    "            positions_x.append(position[0])\n",
    "            positions_y.append(position[1])\n",
    "            positions_z.append(position[2])\n",
    "            forces_x.append(force[0])\n",
    "            forces_y.append(force[1])\n",
    "            forces_z.append(force[2])\n",
    "        \n",
    "        row = {\n",
    "            'block_id': block_id,  # 블록 ID 추가\n",
    "            'positions_x': positions_x,\n",
    "            'positions_y': positions_y,\n",
    "            'positions_z': positions_z,\n",
    "            'atom_types': atom_types,\n",
    "            'forces_x': forces_x,\n",
    "            'forces_y': forces_y,\n",
    "            'forces_z': forces_z,\n",
    "            'energy': energy,\n",
    "        }\n",
    "        rows.append(row)\n",
    "    return pd.DataFrame(rows)\n",
    "\n",
    "def encode_atom_types(atom_types):\n",
    "    encoded = []\n",
    "    for atom in atom_types:\n",
    "        encoded.append(atom_type_to_index[atom])\n",
    "    return encoded\n",
    "\n",
    "\n",
    "# 특징 벡터 생성\n",
    "def create_feature_vector(df):\n",
    "    X_positions_x = np.array([np.array(pos) for pos in df['positions_x']])\n",
    "    X_positions_y = np.array([np.array(pos) for pos in df['positions_y']])\n",
    "    X_positions_z = np.array([np.array(pos) for pos in df['positions_z']])\n",
    "    X_atom_types = np.array([np.array(atom_types) for atom_types in df['encoded_atom_types']])\n",
    "    y_energy = df['energy'].values\n",
    "    y_forces_x = np.array([np.array(forces) for forces in df['forces_x']])\n",
    "    y_forces_y = np.array([np.array(forces) for forces in df['forces_y']])\n",
    "    y_forces_z = np.array([np.array(forces) for forces in df['forces_z']])\n",
    "    return X_positions_x, X_positions_y, X_positions_z, X_atom_types, y_energy, y_forces_x, y_forces_y, y_forces_z\n",
    "\n",
    "\n",
    "\n",
    "class LatticeDataset(Dataset):\n",
    "    def __init__(self, X_positions_x, X_positions_y, X_positions_z, X_atom_types, y_energy, y_forces_x, y_forces_y, y_forces_z):\n",
    "        self.X_positions_x = torch.tensor(X_positions_x, dtype=torch.float32)\n",
    "        self.X_positions_y = torch.tensor(X_positions_y, dtype=torch.float32)\n",
    "        self.X_positions_z = torch.tensor(X_positions_z, dtype=torch.float32)\n",
    "        self.X_atom_types = torch.tensor(X_atom_types, dtype=torch.float32)\n",
    "        self.y_energy = torch.tensor(y_energy, dtype=torch.float32)\n",
    "        self.y_forces_x = torch.tensor(y_forces_x, dtype=torch.float32)\n",
    "        self.y_forces_y = torch.tensor(y_forces_y, dtype=torch.float32)\n",
    "        self.y_forces_z = torch.tensor(y_forces_z, dtype=torch.float32)\n",
    "    \n",
    "    def __len__(self):\n",
    "        return len(self.X_positions_x)\n",
    "    \n",
    "    def __getitem__(self, idx):\n",
    "        return (self.X_positions_x[idx], self.X_positions_y[idx], self.X_positions_z[idx], self.X_atom_types[idx],\n",
    "                self.y_energy[idx], self.y_forces_x[idx], self.y_forces_y[idx], self.y_forces_z[idx])\n"
   ],
   "metadata": {
    "collapsed": false,
    "ExecuteTime": {
     "end_time": "2024-08-08T09:16:17.291199Z",
     "start_time": "2024-08-08T09:16:17.263200Z"
    }
   },
   "id": "d60828e7c3075892",
   "execution_count": 7
  },
  {
   "cell_type": "code",
   "outputs": [
    {
     "name": "stdout",
     "output_type": "stream",
     "text": [
      "{'Lattice': ['10.07550514', '0.0', '0.0', '0.0', '9.97216976', '0.0', '0.0', '0.0', '10.40475547'], 'Properties': 'species:S:1:pos:R:3:forces:R:3', 'energy': -945.2620382, 'stress': ['-0.07869091895564377', '-0.014544200169619654', '0.008512836651673105', '-0.014544200169619654', '-0.08146365563918233', '0.006401324408840107', '0.008512836651673105', '0.006401324408840107', '-0.07154490000157666'], 'free_energy': -945.2620382, 'pbc': ['T', 'T', 'T']}\n",
      "{'Lattice': ['11.06995848', '0.0', '0.0', '0.0', '11.06995848', '0.0', '0.0', '0.0', '11.37809456'], 'Properties': 'species:S:1:pos:R:3:forces:R:3', 'energy': -924.65228191, 'stress': ['0.01922597198717032', '0.00015645033559086622', '-2.5135555891392024e-06', '0.00015645033559086622', '0.006864388412126804', '0.009765134003882726', '-2.5135555891392024e-06', '0.009765134003882726', '0.012846676859959834'], 'free_energy': -924.65228191, 'pbc': ['T', 'T', 'T']}\n",
      "{'Lattice': ['12.2240691', '0.0', '0.0', '0.0', '7.33391326', '0.0', '0.0', '0.0', '14.31098868'], 'Properties': 'species:S:1:pos:R:3:forces:R:3', 'energy': -949.45966365, 'stress': ['-0.010417212467915198', '0.006552117066068726', '-0.0023890883066866432', '0.006552117066068726', '0.0022864188270147554', '-0.002964914927811185', '-0.0023890883066866432', '-0.002964914927811185', '0.00984446982014032'], 'free_energy': -949.45966365, 'pbc': ['T', 'T', 'T']}\n",
      "{'Lattice': ['11.0707505', '0.0', '0.0', '0.0', '11.0707505', '0.0', '0.0', '0.0', '11.0707505'], 'Properties': 'species:S:1:pos:R:3:forces:R:3', 'energy': -915.81898571, 'stress': ['-0.0022731200310372175', '-0.014684065542195184', '0.007865830974182695', '-0.014684065542195184', '-0.0007733246721459088', '0.0009749714105926867', '0.007865830974182695', '0.0009749714105926867', '-0.004648886435679539'], 'free_energy': -915.81898571, 'pbc': ['T', 'T', 'T']}\n",
      "{'Lattice': ['11.06995848', '0.0', '0.0', '0.0', '11.06995848', '0.0', '0.0', '0.0', '11.37809456'], 'Properties': 'species:S:1:pos:R:3:forces:R:3', 'energy': -939.13352516, 'stress': ['0.030409257610857283', '0.0038541083797095444', '-0.0020045641524817337', '0.0038541083797095444', '0.02878580450573006', '0.00040556014958922064', '-0.0020045641524817337', '0.00040556014958922064', '0.01976525439760056'], 'free_energy': -939.13352516, 'pbc': ['T', 'T', 'T']}\n",
      "{'Lattice': ['11.08305576', '0.0', '0.0', '0.0', '10.96938685', '0.0', '0.0', '0.0', '11.44523113'], 'Properties': 'species:S:1:pos:R:3:forces:R:3', 'energy': -905.16367003, 'stress': ['-0.006498236951430118', '0.019347719588194857', '0.016171849035634112', '0.019347719588194857', '-0.024053741809537208', '-0.01591539534340957', '0.016171849035634112', '-0.01591539534340957', '0.027232765066946107'], 'free_energy': -905.16367003, 'pbc': ['T', 'T', 'T']}\n",
      "{'Lattice': ['11.0707505', '0.0', '0.0', '0.0', '11.0707505', '0.0', '0.0', '0.0', '11.0707505'], 'Properties': 'species:S:1:pos:R:3:forces:R:3', 'energy': -905.80158085, 'stress': ['0.00589006540070966', '0.001737382878930098', '-0.013121181264961321', '0.001737382878930098', '-0.0002463470411913278', '-0.001696392510485446', '-0.013121181264961321', '-0.001696392510485446', '-0.0012053009667784063'], 'free_energy': -905.80158085, 'pbc': ['T', 'T', 'T']}\n",
      "{'Lattice': ['12.2240691', '0.0', '0.0', '0.0', '7.33391326', '0.0', '0.0', '0.0', '14.31098868'], 'Properties': 'species:S:1:pos:R:3:forces:R:3', 'energy': -910.70102914, 'stress': ['-0.0068033159631035855', '-0.011874896058900226', '0.016385518555932732', '-0.011874896058900226', '-0.01886045318456316', '-0.006675847669440666', '0.016385518555932732', '-0.006675847669440666', '-0.002757453786708008'], 'free_energy': -910.70102914, 'pbc': ['T', 'T', 'T']}\n",
      "{'Lattice': ['10.06431866', '0.0', '0.0', '0.0', '10.06431866', '0.0', '0.0', '0.0', '10.06431866'], 'Properties': 'species:S:1:pos:R:3:forces:R:3', 'energy': -891.99869674, 'stress': ['-0.2244726850279602', '0.008859895985070662', '-0.01595825041887916', '0.008859895985070662', '-0.25923577064968745', '0.007411951619959626', '-0.01595825041887916', '0.007411951619959626', '-0.20198336218912827'], 'free_energy': -891.99869674, 'pbc': ['T', 'T', 'T']}\n",
      "{'Lattice': ['10.0015111', '0.0', '0.0', '0.0', '6.0004745', '0.0', '0.0', '0.0', '11.70899076'], 'Properties': 'species:S:1:pos:R:3:forces:R:3', 'energy': -797.43840525, 'stress': ['-1.1605293592173231', '0.016203958797649184', '-0.008373108548607776', '0.016203958797649184', '-1.131327852633961', '0.008452938592523994', '-0.008373108548607776', '0.008452938592523994', '-1.2534814558629717'], 'free_energy': -797.43840525, 'pbc': ['T', 'T', 'T']}\n",
      "{'Lattice': ['10.06431854', '0.0', '0.0', '0.0', '10.06431854', '0.0', '0.0', '0.0', '10.06431854'], 'Properties': 'species:S:1:pos:R:3:forces:R:3', 'energy': -941.71827372, 'stress': ['-0.07589196551831248', '0.021437735405756834', '-0.015863951626824288', '0.021437735405756834', '-0.11664536955150658', '-0.015260495036927705', '-0.015863951626824288', '-0.015260495036927705', '-0.1111135028865352'], 'free_energy': -941.71827372, 'pbc': ['T', 'T', 'T']}\n",
      "{'Lattice': ['11.08305576', '0.0', '0.0', '0.0', '10.96938685', '0.0', '0.0', '0.0', '11.44523113'], 'Properties': 'species:S:1:pos:R:3:forces:R:3', 'energy': -911.43982275, 'stress': ['0.013368148175389977', '-0.011749344595104957', '0.012715500872698793', '-0.011749344595104957', '0.012970184391795616', '0.013214976635614632', '0.012715500872698793', '0.013214976635614632', '0.000994876163655477'], 'free_energy': -911.43982275, 'pbc': ['T', 'T', 'T']}\n",
      "{'Lattice': ['12.2240691', '0.0', '0.0', '0.0', '7.33391326', '0.0', '0.0', '0.0', '14.31098868'], 'Properties': 'species:S:1:pos:R:3:forces:R:3', 'energy': -900.56891582, 'stress': ['-0.008026201127300833', '0.002757503550260269', '-0.01804240779993786', '0.002757503550260269', '-0.012050230180215596', '0.036038705252838504', '-0.01804240779993786', '0.036038705252838504', '-0.04088391855155949'], 'free_energy': -900.56901956, 'pbc': ['T', 'T', 'T']}\n",
      "{'Lattice': ['11.06995848', '0.0', '0.0', '0.0', '11.06995848', '0.0', '0.0', '0.0', '11.37809456'], 'Properties': 'species:S:1:pos:R:3:forces:R:3', 'energy': -953.25516139, 'stress': ['0.02887971975080764', '0.001537181243332745', '-0.0031431353538822035', '0.001537181243332745', '0.018746784455637964', '-0.0028876525596097376', '-0.0031431353538822035', '-0.0028876525596097376', '0.026511751718603038'], 'free_energy': -953.25516139, 'pbc': ['T', 'T', 'T']}\n",
      "{'Lattice': ['11.0707505', '0.0', '0.0', '0.0', '11.0707505', '0.0', '0.0', '0.0', '11.0707505'], 'Properties': 'species:S:1:pos:R:3:forces:R:3', 'energy': -923.61717693, 'stress': ['0.013761867083661793', '-0.0020180105039765165', '-0.006987618159357429', '-0.0020180105039765165', '0.04938613562497941', '0.011602184502429112', '-0.006987618159357429', '0.011602184502429112', '0.031383284400251316'], 'free_energy': -923.61717693, 'pbc': ['T', 'T', 'T']}\n",
      "{'Lattice': ['12.2240691', '0.0', '0.0', '0.0', '7.33391326', '0.0', '0.0', '0.0', '14.31098868'], 'Properties': 'species:S:1:pos:R:3:forces:R:3', 'energy': -917.97115365, 'stress': ['0.01765524500405942', '0.009210076715906602', '-0.004263840584934343', '0.009210076715906602', '0.008677432718409069', '-0.0027328607490313466', '-0.004263840584934343', '-0.0027328607490313466', '-0.015081126410354872'], 'free_energy': -917.97115365, 'pbc': ['T', 'T', 'T']}\n",
      "{'Lattice': ['11.0707505', '0.0', '0.0', '0.0', '11.0707505', '0.0', '0.0', '0.0', '11.0707505'], 'Properties': 'species:S:1:pos:R:3:forces:R:3', 'energy': -945.06470629, 'stress': ['0.01455189993245469', '0.00013804356344281516', '-0.001821039635781958', '0.00013804356344281516', '0.01718464986478974', '-0.009959201116062124', '-0.001821039635781958', '-0.009959201116062124', '0.022388583720619477'], 'free_energy': -945.06470629, 'pbc': ['T', 'T', 'T']}\n",
      "{'Lattice': ['12.2240691', '0.0', '0.0', '0.0', '7.33391326', '0.0', '0.0', '0.0', '14.31098868'], 'Properties': 'species:S:1:pos:R:3:forces:R:3', 'energy': -905.99563222, 'stress': ['-0.005592225041660026', '-0.0010435741155461005', '-0.011690988001464665', '-0.0010435741155461005', '-0.014112919410039617', '0.0014241226156830962', '-0.011690988001464665', '0.0014241226156830962', '-0.015812802665507476'], 'free_energy': -905.99563222, 'pbc': ['T', 'T', 'T']}\n",
      "{'Lattice': ['11.20718467', '0.0', '0.0', '0.0', '11.33141849', '0.0', '-1.92757253', '0.0', '11.44649713'], 'Properties': 'species:S:1:pos:R:3:forces:R:3', 'energy': -933.59853818, 'stress': ['0.00045632694954376405', '-0.006954258123200296', '0.011878463961418456', '-0.006954258123200296', '-0.00034915013909058286', '0.008057449167841459', '0.011878463961418456', '0.008057449167841459', '0.03541140924380164'], 'free_energy': -933.59853818, 'pbc': ['T', 'T', 'T']}\n",
      "{'Lattice': ['11.06995848', '0.0', '0.0', '0.0', '11.06995848', '0.0', '0.0', '0.0', '11.37809456'], 'Properties': 'species:S:1:pos:R:3:forces:R:3', 'energy': -944.40572965, 'stress': ['0.02034937691433826', '-0.001166635878800111', '0.0009173208127741519', '-0.001166635878800111', '0.00904676882175611', '0.010326074962783531', '0.0009173208127741519', '0.010326074962783531', '0.02291618268756603'], 'free_energy': -944.40572965, 'pbc': ['T', 'T', 'T']}\n",
      "{'Lattice': ['10.07550514', '0.0', '0.0', '0.0', '9.97216976', '0.0', '0.0', '0.0', '10.40475547'], 'Properties': 'species:S:1:pos:R:3:forces:R:3', 'energy': -942.64252056, 'stress': ['-0.09357972511491038', '-0.0073160948723288224', '-0.005946544610819976', '-0.0073160948723288224', '-0.07588735881022288', '-0.008644540489602432', '-0.005946544610819976', '-0.008644540489602432', '-0.0681155756507716'], 'free_energy': -942.64252056, 'pbc': ['T', 'T', 'T']}\n",
      "{'Lattice': ['11.06995848', '0.0', '0.0', '0.0', '11.06995848', '0.0', '0.0', '0.0', '11.37809456'], 'Properties': 'species:S:1:pos:R:3:forces:R:3', 'energy': -905.50270976, 'stress': ['-0.0004043029473720305', '-0.003502459895587562', '0.003919392124736214', '-0.003502459895587562', '0.01712267374510924', '-0.011659461864243428', '0.003919392124736214', '-0.011659461864243428', '0.011799380077435218'], 'free_energy': -905.50270976, 'pbc': ['T', 'T', 'T']}\n",
      "{'Lattice': ['12.2240691', '0.0', '0.0', '0.0', '7.33391326', '0.0', '0.0', '0.0', '14.31098868'], 'Properties': 'species:S:1:pos:R:3:forces:R:3', 'energy': -912.41229771, 'stress': ['-0.01798777725617403', '0.016819267738749418', '0.016242376128922726', '0.016819267738749418', '-0.01353728668139607', '-0.01141799081481142', '0.016242376128922726', '-0.01141799081481142', '0.014690935577531553'], 'free_energy': -912.41229771, 'pbc': ['T', 'T', 'T']}\n",
      "{'Lattice': ['11.06995848', '0.0', '0.0', '0.0', '11.06995848', '0.0', '0.0', '0.0', '11.37809456'], 'Properties': 'species:S:1:pos:R:3:forces:R:3', 'energy': -948.86061787, 'stress': ['0.030825384198490985', '0.0012153735329302842', '0.006282679986288812', '0.0012153735329302842', '0.016931333279882048', '-0.012312864888859576', '0.006282679986288812', '-0.012312864888859576', '0.0392997854996537'], 'free_energy': -948.86061787, 'pbc': ['T', 'T', 'T']}\n",
      "{'Lattice': ['11.08305576', '0.0', '0.0', '0.0', '10.96938685', '0.0', '0.0', '0.0', '11.44523113'], 'Properties': 'species:S:1:pos:R:3:forces:R:3', 'energy': -907.24181122, 'stress': ['-0.025257358941983634', '-0.009336654439839895', '0.012545621380970784', '-0.009336654439839895', '-0.005007645646454311', '0.0044805809589304425', '0.012545621380970784', '0.0044805809589304425', '0.006072868461369575'], 'free_energy': -907.24181122, 'pbc': ['T', 'T', 'T']}\n",
      "{'Lattice': ['11.20718467', '0.0', '0.0', '0.0', '11.33141849', '0.0', '-1.92757253', '0.0', '11.44649713'], 'Properties': 'species:S:1:pos:R:3:forces:R:3', 'energy': -918.71023431, 'stress': ['0.019304362383316086', '-0.007158944732493254', '0.006087822062420149', '-0.007158944732493254', '-0.03439584724590684', '-0.01090178764515898', '0.006087822062420149', '-0.01090178764515898', '0.028019481265170638'], 'free_energy': -918.71023431, 'pbc': ['T', 'T', 'T']}\n",
      "{'Lattice': ['10.06431854', '0.0', '0.0', '0.0', '10.06431854', '0.0', '0.0', '0.0', '10.06431854'], 'Properties': 'species:S:1:pos:R:3:forces:R:3', 'energy': -941.172828, 'stress': ['-0.09632108686802779', '0.00992374860772903', '0.01714763608039786', '0.00992374860772903', '-0.12818118207058538', '0.0014873951155335698', '0.01714763608039786', '0.0014873951155335698', '-0.11957363348888533'], 'free_energy': -941.172828, 'pbc': ['T', 'T', 'T']}\n",
      "{'Lattice': ['11.08305576', '0.0', '0.0', '0.0', '10.96938685', '0.0', '0.0', '0.0', '11.44523113'], 'Properties': 'species:S:1:pos:R:3:forces:R:3', 'energy': -913.16539677, 'stress': ['0.018669400964710422', '0.009640003423772343', '-0.006936108981824435', '0.009640003423772343', '0.007065187566117305', '-0.0024449542385932685', '-0.006936108981824435', '-0.0024449542385932685', '0.01949944089460028'], 'free_energy': -913.16539677, 'pbc': ['T', 'T', 'T']}\n",
      "{'Lattice': ['10.07550514', '0.0', '0.0', '0.0', '9.97216976', '0.0', '0.0', '0.0', '10.40475547'], 'Properties': 'species:S:1:pos:R:3:forces:R:3', 'energy': -926.84171338, 'stress': ['-0.19953368419542478', '0.00871835448018541', '0.022060451208151845', '0.00871835448018541', '-0.21939477913145694', '0.022836355464811935', '0.022060451208151845', '0.022836355464811935', '-0.21317090804225025'], 'free_energy': -926.84171338, 'pbc': ['T', 'T', 'T']}\n",
      "{'Lattice': ['10.06359863', '0.0', '0.0', '0.0', '10.06359863', '0.0', '0.0', '0.0', '10.34372234'], 'Properties': 'species:S:1:pos:R:3:forces:R:3', 'energy': -900.1436102, 'stress': ['-0.16005555652906456', '0.011581271133974596', '0.008910541450087798', '0.011581271133974596', '-0.16711788580856066', '0.010706049081801707', '0.008910541450087798', '0.010706049081801707', '-0.12252242965072231'], 'free_energy': -900.1436102, 'pbc': ['T', 'T', 'T']}\n",
      "{'Lattice': ['11.06995848', '0.0', '0.0', '0.0', '11.06995848', '0.0', '0.0', '0.0', '11.37809456'], 'Properties': 'species:S:1:pos:R:3:forces:R:3', 'energy': -904.32995588, 'stress': ['0.026271084076225713', '0.0037958162171679594', '-0.0019827297806990947', '0.0037958162171679594', '0.005233661040324675', '0.007257901400529536', '-0.0019827297806990947', '0.007257901400529536', '0.014081977659076325'], 'free_energy': -904.32995588, 'pbc': ['T', 'T', 'T']}\n",
      "{'Lattice': ['11.0707505', '0.0', '0.0', '0.0', '11.0707505', '0.0', '0.0', '0.0', '11.0707505'], 'Properties': 'species:S:1:pos:R:3:forces:R:3', 'energy': -939.19904714, 'stress': ['0.021379852935874275', '0.008802447580940261', '0.0038448527522041346', '0.008802447580940261', '0.019187886317208705', '-0.011981617782198513', '0.0038448527522041346', '-0.011981617782198513', '0.010554338242407089'], 'free_energy': -939.19904714, 'pbc': ['T', 'T', 'T']}\n",
      "{'Lattice': ['11.08305576', '0.0', '0.0', '0.0', '10.96938685', '0.0', '0.0', '0.0', '11.44523113'], 'Properties': 'species:S:1:pos:R:3:forces:R:3', 'energy': -905.30159108, 'stress': ['0.008450087664642074', '0.001923155125345342', '-0.0028781030007150638', '0.001923155125345342', '0.008698683696333712', '-0.012258847329948508', '-0.0028781030007150638', '-0.012258847329948508', '-0.017405701823357926'], 'free_energy': -905.30176513, 'pbc': ['T', 'T', 'T']}\n",
      "{'Lattice': ['11.0707505', '0.0', '0.0', '0.0', '11.0707505', '0.0', '0.0', '0.0', '11.0707505'], 'Properties': 'species:S:1:pos:R:3:forces:R:3', 'energy': -944.0274038, 'stress': ['0.011342150274871869', '0.007729485144912684', '-0.006214415546163986', '0.007729485144912684', '0.01094606016110955', '-0.004276743918893665', '-0.006214415546163986', '-0.004276743918893665', '0.020343331532153636'], 'free_energy': -944.0274038, 'pbc': ['T', 'T', 'T']}\n",
      "{'Lattice': ['10.06431854', '0.0', '0.0', '0.0', '10.06431854', '0.0', '0.0', '0.0', '10.06431854'], 'Properties': 'species:S:1:pos:R:3:forces:R:3', 'energy': -936.3195001, 'stress': ['-0.14625201284799574', '0.023517761519442088', '0.015223170500279468', '0.023517761519442088', '-0.12464214373586746', '0.0025940857493755784', '0.015223170500279468', '0.0025940857493755784', '-0.12052664301990544'], 'free_energy': -936.3195001, 'pbc': ['T', 'T', 'T']}\n",
      "{'Lattice': ['11.06995848', '0.0', '0.0', '0.0', '11.06995848', '0.0', '0.0', '0.0', '11.37809456'], 'Properties': 'species:S:1:pos:R:3:forces:R:3', 'energy': -939.52514114, 'stress': ['0.03888161413745678', '0.007229138423088892', '0.0075303432052177405', '0.007229138423088892', '0.024164062767729536', '-0.00784733147817507', '0.0075303432052177405', '-0.00784733147817507', '0.017980044269785916'], 'free_energy': -939.52514114, 'pbc': ['T', 'T', 'T']}\n",
      "{'Lattice': ['11.0707505', '0.0', '0.0', '0.0', '11.0707505', '0.0', '0.0', '0.0', '11.0707505'], 'Properties': 'species:S:1:pos:R:3:forces:R:3', 'energy': -937.98956213, 'stress': ['0.012228650097401296', '-0.009787312426372912', '0.002827761490950849', '-0.009787312426372912', '0.0191917352936074', '-0.00895356362323971', '0.002827761490950849', '-0.00895356362323971', '0.02678177445166725'], 'free_energy': -937.98956213, 'pbc': ['T', 'T', 'T']}\n",
      "{'Lattice': ['11.08305576', '0.0', '0.0', '0.0', '10.96938685', '0.0', '0.0', '0.0', '11.44523113'], 'Properties': 'species:S:1:pos:R:3:forces:R:3', 'energy': -922.88172474, 'stress': ['-0.0015730427889664037', '0.014404812472220543', '0.0026078958497807087', '0.014404812472220543', '-0.0016329367973760911', '0.010657555632957593', '0.0026078958497807087', '0.010657555632957593', '0.01631854248188016'], 'free_energy': -922.88172474, 'pbc': ['T', 'T', 'T']}\n",
      "{'Lattice': ['11.08305576', '0.0', '0.0', '0.0', '10.96938685', '0.0', '0.0', '0.0', '11.44523113'], 'Properties': 'species:S:1:pos:R:3:forces:R:3', 'energy': -911.24611898, 'stress': ['-0.009804769240832003', '0.0055927114986397885', '0.0015781439993410244', '0.0055927114986397885', '-0.02904259251190791', '0.000804746651062854', '0.0015781439993410244', '0.000804746651062854', '-0.04370413857058823'], 'free_energy': -911.24611898, 'pbc': ['T', 'T', 'T']}\n",
      "{'Lattice': ['11.0707505', '0.0', '0.0', '0.0', '11.0707505', '0.0', '0.0', '0.0', '11.0707505'], 'Properties': 'species:S:1:pos:R:3:forces:R:3', 'energy': -934.68385543, 'stress': ['0.02314216972626043', '0.006500161845327559', '0.0008844540056341833', '0.006500161845327559', '0.03366384017204603', '-0.0075461388981965605', '0.0008844540056341833', '-0.0075461388981965605', '0.01984232187467955'], 'free_energy': -934.68385543, 'pbc': ['T', 'T', 'T']}\n",
      "{'Lattice': ['12.2240691', '0.0', '0.0', '0.0', '7.33391326', '0.0', '0.0', '0.0', '14.31098868'], 'Properties': 'species:S:1:pos:R:3:forces:R:3', 'energy': -940.16088252, 'stress': ['0.003767553140917733', '-0.006112303015075927', '-0.0012551284320925225', '-0.006112303015075927', '-0.013114311847534357', '-0.0034509446700322246', '-0.0012551284320925225', '-0.0034509446700322246', '0.009426631629700536'], 'free_energy': -940.16088252, 'pbc': ['T', 'T', 'T']}\n",
      "{'Lattice': ['11.06995848', '0.0', '0.0', '0.0', '11.06995848', '0.0', '0.0', '0.0', '11.37809456'], 'Properties': 'species:S:1:pos:R:3:forces:R:3', 'energy': -949.39451353, 'stress': ['0.028650066755486637', '0.005889151949607577', '0.009613007854470872', '0.005889151949607577', '0.022503681274538292', '-0.0030305120278035207', '0.009613007854470872', '-0.0030305120278035207', '0.02839759409126937'], 'free_energy': -949.39451353, 'pbc': ['T', 'T', 'T']}\n",
      "{'Lattice': ['11.08305576', '0.0', '0.0', '0.0', '10.96938685', '0.0', '0.0', '0.0', '11.44523113'], 'Properties': 'species:S:1:pos:R:3:forces:R:3', 'energy': -900.40585437, 'stress': ['-0.02290239123679017', '0.02674088757992692', '-0.006978734313584612', '0.02674088757992692', '0.004658660832457455', '0.009353480112896178', '-0.006978734313584612', '0.009353480112896178', '-0.0023206366275295488'], 'free_energy': -900.40585437, 'pbc': ['T', 'T', 'T']}\n",
      "{'Lattice': ['10.06359852', '0.0', '0.0', '0.0', '10.06359852', '0.0', '0.0', '0.0', '10.34372222'], 'Properties': 'species:S:1:pos:R:3:forces:R:3', 'energy': -947.86686517, 'stress': ['-0.09946801201007764', '0.013444965280571894', '0.007998325062065468', '0.013444965280571894', '-0.0909802496850914', '0.015049715522599644', '0.007998325062065468', '0.015049715522599644', '-0.06421258394635039'], 'free_energy': -947.86686517, 'pbc': ['T', 'T', 'T']}\n",
      "{'Lattice': ['11.06995848', '0.0', '0.0', '0.0', '11.06995848', '0.0', '0.0', '0.0', '11.37809456'], 'Properties': 'species:S:1:pos:R:3:forces:R:3', 'energy': -943.79486671, 'stress': ['0.03724118037011866', '-0.0032270674112185875', '-0.0029893048979884353', '-0.0032270674112185875', '0.018747121640685472', '-0.006590361800890411', '-0.0029893048979884353', '-0.006590361800890411', '0.01996956418202155'], 'free_energy': -943.79486671, 'pbc': ['T', 'T', 'T']}\n",
      "{'Lattice': ['11.20718467', '0.0', '0.0', '0.0', '11.33141849', '0.0', '-1.92757253', '0.0', '11.44649713'], 'Properties': 'species:S:1:pos:R:3:forces:R:3', 'energy': -905.70563827, 'stress': ['0.004853008119740003', '-0.00874784381949209', '-0.014078551875720893', '-0.00874784381949209', '0.018772194712829007', '0.019772876110363977', '-0.014078551875720893', '0.019772876110363977', '-0.014947260438766229'], 'free_energy': -905.70563827, 'pbc': ['T', 'T', 'T']}\n",
      "{'Lattice': ['10.06359852', '0.0', '0.0', '0.0', '10.06359852', '0.0', '0.0', '0.0', '10.34372222'], 'Properties': 'species:S:1:pos:R:3:forces:R:3', 'energy': -943.66670012, 'stress': ['-0.12386971276044725', '0.024096340589917564', '0.014655131172913944', '0.024096340589917564', '-0.11381292030647013', '-0.004165464857842969', '0.014655131172913944', '-0.004165464857842969', '-0.09596330212534832'], 'free_energy': -943.66670012, 'pbc': ['T', 'T', 'T']}\n",
      "{'Lattice': ['11.20718467', '0.0', '0.0', '0.0', '11.33141849', '0.0', '-1.92757253', '0.0', '11.44649713'], 'Properties': 'species:S:1:pos:R:3:forces:R:3', 'energy': -900.09786626, 'stress': ['0.03010384404805316', '-0.0052615008798410755', '0.013521340087451114', '-0.0052615008798410755', '0.02210764455688655', '0.0011159503370528775', '0.013521340087451114', '0.0011159503370528775', '0.008380182899745382'], 'free_energy': -900.09786626, 'pbc': ['T', 'T', 'T']}\n",
      "{'Lattice': ['11.0707505', '0.0', '0.0', '0.0', '11.0707505', '0.0', '0.0', '0.0', '11.0707505'], 'Properties': 'species:S:1:pos:R:3:forces:R:3', 'energy': -866.60846543, 'stress': ['-0.03487221171165401', '-0.024311495951395673', '-0.013958713402541744', '-0.024311495951395673', '-0.004248416055778712', '-0.010403528914107596', '-0.013958713402541744', '-0.010403528914107596', '0.007524194139083521'], 'free_energy': -866.61324211, 'pbc': ['T', 'T', 'T']}\n",
      "{'Lattice': ['12.2240691', '0.0', '0.0', '0.0', '7.33391326', '0.0', '0.0', '0.0', '14.31098868'], 'Properties': 'species:S:1:pos:R:3:forces:R:3', 'energy': -898.37445954, 'stress': ['-0.008353894368597693', '-0.0069606332380705285', '0.01664291582702391', '-0.0069606332380705285', '0.014396585295622858', '0.008545413971378306', '0.01664291582702391', '0.008545413971378306', '-0.015937689670724224'], 'free_energy': -898.37453503, 'pbc': ['T', 'T', 'T']}\n",
      "{'Lattice': ['11.0707505', '0.0', '0.0', '0.0', '11.0707505', '0.0', '0.0', '0.0', '11.0707505'], 'Properties': 'species:S:1:pos:R:3:forces:R:3', 'energy': -935.85395678, 'stress': ['0.009944240399691145', '0.002339273630224726', '-0.00745537049719007', '0.002339273630224726', '0.013633765332996177', '-0.0031873903748826943', '-0.00745537049719007', '-0.0031873903748826943', '-0.01257143903394549'], 'free_energy': -935.85395678, 'pbc': ['T', 'T', 'T']}\n",
      "{'Lattice': ['12.2240691', '0.0', '0.0', '0.0', '7.33391326', '0.0', '0.0', '0.0', '14.31098868'], 'Properties': 'species:S:1:pos:R:3:forces:R:3', 'energy': -944.28634395, 'stress': ['0.007308228548581253', '0.007474945480118194', '-0.005327263666934666', '0.007474945480118194', '0.00251183970465786', '-0.0008104392756346979', '-0.005327263666934666', '-0.0008104392756346979', '0.02372676729674072'], 'free_energy': -944.28634395, 'pbc': ['T', 'T', 'T']}\n",
      "{'Lattice': ['11.08305576', '0.0', '0.0', '0.0', '10.96938685', '0.0', '0.0', '0.0', '11.44523113'], 'Properties': 'species:S:1:pos:R:3:forces:R:3', 'energy': -916.73278761, 'stress': ['0.0010946498826853934', '-0.008921241762261521', '-0.006632448084714931', '-0.008921241762261521', '0.013333259019429078', '-0.002275280978809799', '-0.006632448084714931', '-0.002275280978809799', '-0.007558627215489575'], 'free_energy': -916.73278761, 'pbc': ['T', 'T', 'T']}\n",
      "{'Lattice': ['10.1883496', '0.0', '0.0', '0.0', '10.30128943', '0.0', '-1.75233865', '0.0', '10.40590638'], 'Properties': 'species:S:1:pos:R:3:forces:R:3', 'energy': -948.96543143, 'stress': ['-0.06660277804872586', '-0.0011358760865523673', '0.005567898422800404', '-0.0011358760865523673', '-0.04310520957765308', '0.011705827932151039', '0.005567898422800404', '0.011705827932151039', '-0.07539342969546345'], 'free_energy': -948.96543143, 'pbc': ['T', 'T', 'T']}\n",
      "{'Lattice': ['11.0707505', '0.0', '0.0', '0.0', '11.0707505', '0.0', '0.0', '0.0', '11.0707505'], 'Properties': 'species:S:1:pos:R:3:forces:R:3', 'energy': -942.98580703, 'stress': ['0.009424439324586106', '-0.0008828333665821021', '-0.00583503820279937', '-0.0008828333665821021', '0.021201147419713993', '-0.012356062879082051', '-0.00583503820279937', '-0.012356062879082051', '0.026969786732017206'], 'free_energy': -942.98580703, 'pbc': ['T', 'T', 'T']}\n",
      "{'Lattice': ['11.11278998', '0.0', '0.0', '0.0', '6.66719381', '0.0', '0.0', '0.0', '13.00998958'], 'Properties': 'species:S:1:pos:R:3:forces:R:3', 'energy': -938.73431716, 'stress': ['-0.1959101885678945', '0.010105936742426845', '0.006514568914873034', '0.010105936742426845', '-0.18481865971939168', '-0.003962761375727597', '0.006514568914873034', '-0.003962761375727597', '-0.15985028962794362'], 'free_energy': -938.73431716, 'pbc': ['T', 'T', 'T']}\n",
      "{'Lattice': ['10.06359852', '0.0', '0.0', '0.0', '10.06359852', '0.0', '0.0', '0.0', '10.34372222'], 'Properties': 'species:S:1:pos:R:3:forces:R:3', 'energy': -949.02894168, 'stress': ['-0.12215157023841651', '0.0023325865272793276', '0.0040145909486485505', '0.0023325865272793276', '-0.0917101231489896', '0.000662535357350285', '0.0040145909486485505', '0.000662535357350285', '-0.07211818726471333'], 'free_energy': -949.02894168, 'pbc': ['T', 'T', 'T']}\n",
      "{'Lattice': ['10.06359852', '0.0', '0.0', '0.0', '10.06359852', '0.0', '0.0', '0.0', '10.34372222'], 'Properties': 'species:S:1:pos:R:3:forces:R:3', 'energy': -949.98495685, 'stress': ['-0.06475889899591275', '0.005107236464300803', '-0.007933995581369053', '0.005107236464300803', '-0.07890364494700783', '0.02682789144591168', '-0.007933995581369053', '0.02682789144591168', '-0.06971732969379252'], 'free_energy': -949.98495685, 'pbc': ['T', 'T', 'T']}\n",
      "{'Lattice': ['11.08305576', '0.0', '0.0', '0.0', '10.96938685', '0.0', '0.0', '0.0', '11.44523113'], 'Properties': 'species:S:1:pos:R:3:forces:R:3', 'energy': -953.41790065, 'stress': ['0.025606864978166086', '-0.011058557346288798', '0.0004747751278633563', '-0.011058557346288798', '0.028458474719992622', '0.00017351768612201184', '0.0004747751278633563', '0.00017351768612201184', '0.009840809624426647'], 'free_energy': -953.41790065, 'pbc': ['T', 'T', 'T']}\n",
      "{'Lattice': ['10.06431854', '0.0', '0.0', '0.0', '10.06431854', '0.0', '0.0', '0.0', '10.06431854'], 'Properties': 'species:S:1:pos:R:3:forces:R:3', 'energy': -945.40714077, 'stress': ['-0.08029204427272593', '0.01644405732674139', '0.0008547983550753359', '0.01644405732674139', '-0.09353211920242246', '0.0015657002713892055', '0.0008547983550753359', '0.0015657002713892055', '-0.11339583808137416'], 'free_energy': -945.40714077, 'pbc': ['T', 'T', 'T']}\n",
      "{'Lattice': ['11.06995848', '0.0', '0.0', '0.0', '11.06995848', '0.0', '0.0', '0.0', '11.37809456'], 'Properties': 'species:S:1:pos:R:3:forces:R:3', 'energy': -888.21463253, 'stress': ['0.00256480190551536', '-0.00997511000505045', '-0.005647054658357427', '-0.00997511000505045', '0.00342514122273229', '-0.015067034718024017', '-0.005647054658357427', '-0.015067034718024017', '0.007131553289233966'], 'free_energy': -888.21463253, 'pbc': ['T', 'T', 'T']}\n",
      "{'Lattice': ['11.06995848', '0.0', '0.0', '0.0', '11.06995848', '0.0', '0.0', '0.0', '11.37809456'], 'Properties': 'species:S:1:pos:R:3:forces:R:3', 'energy': -937.30450533, 'stress': ['0.014072357733407766', '0.007573381063282084', '0.005090264309266845', '0.007573381063282084', '0.014879976165234529', '-0.009358601539518858', '0.005090264309266845', '-0.009358601539518858', '0.002134149603489209'], 'free_energy': -937.30450533, 'pbc': ['T', 'T', 'T']}\n",
      "{'Lattice': ['10.07550526', '0.0', '0.0', '0.0', '9.97216988', '0.0', '0.0', '0.0', '10.40475559'], 'Properties': 'species:S:1:pos:R:3:forces:R:3', 'energy': -895.01831005, 'stress': ['-0.17080771959670327', '-0.00453683417023682', '0.005512048812440143', '-0.00453683417023682', '-0.16955026662688402', '-0.003388914492641185', '0.005512048812440143', '-0.003388914492641185', '-0.1620024322851485'], 'free_energy': -895.01831005, 'pbc': ['T', 'T', 'T']}\n",
      "{'Lattice': ['11.11279011', '0.0', '0.0', '0.0', '6.66719389', '0.0', '0.0', '0.0', '13.00998974'], 'Properties': 'species:S:1:pos:R:3:forces:R:3', 'energy': -903.86748755, 'stress': ['-0.17704278870850443', '-0.036889777745282654', '-0.013473441616705934', '-0.036889777745282654', '-0.133414021322611', '-6.279552996458255e-05', '-0.013473441616705934', '-6.279552996458255e-05', '-0.1534929433105856'], 'free_energy': -903.86748755, 'pbc': ['T', 'T', 'T']}\n",
      "{'Lattice': ['11.11278998', '0.0', '0.0', '0.0', '6.66719381', '0.0', '0.0', '0.0', '13.00998958'], 'Properties': 'species:S:1:pos:R:3:forces:R:3', 'energy': -936.98040664, 'stress': ['-0.21558858455163898', '-0.02762197919721386', '-0.01003033513993965', '-0.02762197919721386', '-0.17697219672224543', '-0.009486965751884726', '-0.01003033513993965', '-0.009486965751884726', '-0.1504803628389083'], 'free_energy': -936.98040664, 'pbc': ['T', 'T', 'T']}\n",
      "{'Lattice': ['11.06995848', '0.0', '0.0', '0.0', '11.06995848', '0.0', '0.0', '0.0', '11.37809456'], 'Properties': 'species:S:1:pos:R:3:forces:R:3', 'energy': -905.24030456, 'stress': ['0.017118783487369185', '0.009598334465972505', '0.003672975578099261', '0.009598334465972505', '0.010401358909905272', '0.005255163881867075', '0.003672975578099261', '0.005255163881867075', '-0.018797107652814407'], 'free_energy': -905.24343985, 'pbc': ['T', 'T', 'T']}\n",
      "{'Lattice': ['11.0707505', '0.0', '0.0', '0.0', '11.0707505', '0.0', '0.0', '0.0', '11.0707505'], 'Properties': 'species:S:1:pos:R:3:forces:R:3', 'energy': -906.73599871, 'stress': ['0.01288594165085947', '-0.021786417169519595', '0.00014625370072058415', '-0.021786417169519595', '-0.011026644160603645', '-0.0007112897324834064', '0.00014625370072058415', '-0.0007112897324834064', '-0.015159692005661803'], 'free_energy': -906.73599871, 'pbc': ['T', 'T', 'T']}\n",
      "{'Lattice': ['11.08305576', '0.0', '0.0', '0.0', '10.96938685', '0.0', '0.0', '0.0', '11.44523113'], 'Properties': 'species:S:1:pos:R:3:forces:R:3', 'energy': -905.55497301, 'stress': ['-0.010472598989505866', '-0.010533618185973221', '-0.004126088718420525', '-0.010533618185973221', '0.01025025847137864', '0.008335514821912448', '-0.004126088718420525', '0.008335514821912448', '0.023353230370642544'], 'free_energy': -905.55497301, 'pbc': ['T', 'T', 'T']}\n",
      "{'Lattice': ['11.0707505', '0.0', '0.0', '0.0', '11.0707505', '0.0', '0.0', '0.0', '11.0707505'], 'Properties': 'species:S:1:pos:R:3:forces:R:3', 'energy': -950.30525068, 'stress': ['0.009954096098366935', '0.00013156169380049414', '-0.00018146644772211622', '0.00013156169380049414', '0.016977813973104758', '4.639345564965568e-05', '-0.00018146644772211622', '4.639345564965568e-05', '0.012844899702583403'], 'free_energy': -950.30525068, 'pbc': ['T', 'T', 'T']}\n",
      "{'Lattice': ['11.0707505', '0.0', '0.0', '0.0', '11.0707505', '0.0', '0.0', '0.0', '11.0707505'], 'Properties': 'species:S:1:pos:R:3:forces:R:3', 'energy': -947.39234356, 'stress': ['0.023117303135721804', '-0.001626486553460511', '0.008943470416417153', '-0.001626486553460511', '-0.0004835931319564041', '-0.003821295705178224', '0.008943470416417153', '-0.003821295705178224', '-0.00012802830682773125'], 'free_energy': -947.39234356, 'pbc': ['T', 'T', 'T']}\n",
      "{'Lattice': ['11.08305576', '0.0', '0.0', '0.0', '10.96938685', '0.0', '0.0', '0.0', '11.44523113'], 'Properties': 'species:S:1:pos:R:3:forces:R:3', 'energy': -954.2316132, 'stress': ['0.01729103053954637', '-0.013876611230850886', '-0.004232465741894316', '-0.013876611230850886', '0.030060588561048613', '-0.004308882909895973', '-0.004232465741894316', '-0.004308882909895973', '0.013916004965087556'], 'free_energy': -954.2316132, 'pbc': ['T', 'T', 'T']}\n",
