{
 "cells": [
  {
   "cell_type": "code",
   "outputs": [],
   "source": [
    "import re\n",
    "import pandas as pd"
   ],
   "metadata": {
    "collapsed": false,
    "ExecuteTime": {
     "end_time": "2024-09-03T15:02:02.217307Z",
     "start_time": "2024-09-03T15:02:01.261416Z"
    }
   },
   "id": "2ed816140770a66c",
   "execution_count": 1
  },
  {
   "cell_type": "code",
   "outputs": [],
   "source": [
    "def parse_string_to_dict(s):\n",
    "    # 먼저 key=value 쌍을 구분\n",
    "    pairs = re.findall(r'(\\w+)=(\".*?\"|\\S+)', s)\n",
    "    \n",
    "    # 각 key=value 쌍을 딕셔너리에 저장\n",
    "    parsed_dict = {}\n",
    "    for key, value in pairs:\n",
    "        # 따옴표 제거 및 값의 형태에 따라 변환\n",
    "\n",
    "        if re.match(r'^-?\\d+(\\.\\d+)?$', value):\n",
    "            value = float(value) if '.' in value else int(value)\n",
    "        elif value.startswith('\"') and value.endswith('\"'):\n",
    "            value = list(value[1:-1].split(' '))\n",
    "        parsed_dict[key] = value\n",
    "\n",
    "    return parsed_dict\n",
    "\n",
    "def parse_xyz(filename):\n",
    "    with open(filename, 'r') as file:\n",
    "        lines = file.readlines()\n",
    "    \n",
    "    data = []\n",
    "    start_idx = 0\n",
    "    \n",
    "    while start_idx < len(lines):\n",
    "        num_atoms = int(lines[start_idx].strip())\n",
    "        properties_line = lines[start_idx + 1].strip()\n",
    "        pro_dict = parse_string_to_dict(properties_line)\n",
    "        print(pro_dict)\n",
    "        \n",
    "        energy = float(properties_line.split('energy=')[1].split()[0])\n",
    "        atom_type = []\n",
    "        position = []\n",
    "        force = []\n",
    "        for i in range(start_idx + 2, start_idx + 2 + num_atoms):\n",
    "            parts = lines[i].split()\n",
    "            atom_type.append(parts[0])\n",
    "            position.append([float(parts[1]), float(parts[2]), float(parts[3])])\n",
    "            force.append([float(parts[4]), float(parts[5]), float(parts[6])])\n",
    "        \n",
    "        data.append({\n",
    "            'e': energy,\n",
    "            't': atom_type,\n",
    "            'p': position,\n",
    "            'f': force\n",
    "        })\n",
    "        start_idx += 2 + num_atoms\n",
    "    \n",
    "    return data\n",
    "\n",
    "def reindexing(org, prd):\n",
    "    # org 데이터의 첫 번째 p 값을 키로, 해당 인덱스를 값으로 하는 딕셔너리 생성\n",
    "    org_map = {tuple(item['p'][0]): i for i, item in enumerate(org)}\n",
    "    print(org_map)\n",
    "    # prd 데이터를 재정렬할 리스트\n",
    "    reordered_prd = [None] * len(prd)\n",
    "    \n",
    "    # prd 데이터에서 p 값을 찾아 org_map에 있는 인덱스로 재정렬\n",
    "    for item in prd:\n",
    "        p_value = tuple(item['p'][0])\n",
    "        if p_value in org_map:\n",
    "            reordered_prd[org_map[p_value]] = item\n",
    "    \n",
    "    # 재정렬된 prd 반환\n",
    "    return reordered_prd\n",
    "    \n",
    "\n",
    "def make_df(data):\n",
    "    d = []\n",
    "    for i, item in enumerate(data):\n",
    "        d.append({\n",
    "            'ID': f'TEST_{i:04d}',\n",
    "            'energy': item['e'],\n",
    "            'forces': item['f']\n",
    "        })\n",
    "    df = pd.DataFrame(d)\n",
    "    df['energy_uncertainty'] = 1\n",
    "    cols = ['ID', 'energy', 'energy_uncertainty', 'forces']\n",
    "    df = df[cols]\n",
    "    return df\n"
   ],
   "metadata": {
    "collapsed": true,
    "ExecuteTime": {
     "end_time": "2024-09-03T15:02:02.247887Z",
     "start_time": "2024-09-03T15:02:02.222307Z"
    }
   },
   "id": "initial_id",
   "execution_count": 2
  },
  {
   "cell_type": "code",
   "outputs": [
    {
     "name": "stdout",
     "output_type": "stream",
     "text": [
      "{'Lattice': ['11.07075023651123', '0.0', '0.0', '0.0', '11.07075023651123', '0.0', '0.0', '0.0', '11.07075023651123'], 'Properties': 'species:S:1:pos:R:3:energies:R:1:forces:R:3', 'original_dataset_index': 1500, 'energy': -935.5009638117633, 'stress': ['0.015231227058282735', '0.011092548143728249', '-0.009007896007943142', '0.011092548143728249', '0.004126900691110468', '0.006716275255536929', '-0.009007896007943142', '0.006716275255536929', '-0.01775453875035384'], 'pbc': ['F', 'F', 'F']}\n",
      "{'Lattice': ['11.07075023651123', '0.0', '0.0', '0.0', '11.07075023651123', '0.0', '0.0', '0.0', '11.07075023651123'], 'Properties': 'species:S:1:pos:R:3:energies:R:1:forces:R:3', 'original_dataset_index': 1501, 'energy': -919.2319128210048, 'stress': ['-0.0005505010880860654', '-0.008527133771437904', '-0.00665196479025389', '-0.008527133771437904', '-0.03026582883343552', '0.019961495606283432', '-0.00665196479025389', '0.019961495606283432', '-0.040327771198191316'], 'pbc': ['F', 'F', 'F']}\n",
      "{'Lattice': ['11.207184791564941', '0.0', '0.0', '0.0', '11.33141803741455', '0.0', '-1.9275647401809692', '0.0', '11.446496963500977'], 'Properties': 'species:S:1:pos:R:3:energies:R:1:forces:R:3', 'original_dataset_index': 1502, 'energy': -948.3868250784067, 'stress': ['0.016628968855477915', '0.00069471690341169', '-0.0030665536179930856', '0.00069471690341169', '-0.009702203103191458', '0.0005716365230763335', '-0.0030665536179930856', '0.0005716365230763335', '-0.0017368604101881753'], 'pbc': ['F', 'F', 'F']}\n",
      "{'Lattice': ['12.224068641662598', '0.0', '0.0', '0.0', '7.333909034729004', '0.0', '0.0', '0.0', '14.310988426208496'], 'Properties': 'species:S:1:pos:R:3:energies:R:1:forces:R:3', 'original_dataset_index': 1503, 'energy': -916.5295460337553, 'stress': ['-0.001840726457609818', '0.0204189969068831', '-0.009231004105076249', '0.0204189969068831', '-0.009894155899601678', '-0.008629056317679268', '-0.009231004105076249', '-0.008629056317679268', '-0.019039310920537584'], 'pbc': ['F', 'F', 'F']}\n",
      "{'Lattice': ['11.07075023651123', '0.0', '0.0', '0.0', '11.07075023651123', '0.0', '0.0', '0.0', '11.07075023651123'], 'Properties': 'species:S:1:pos:R:3:energies:R:1:forces:R:3', 'original_dataset_index': 1504, 'energy': -910.8802944144961, 'stress': ['-0.07497394225874236', '0.014168703398574891', '-0.007141926041126696', '0.014168703398574891', '-0.09667435023521229', '-0.021274026048206208', '-0.007141926041126696', '-0.021274026048206208', '-0.06386561077463752'], 'pbc': ['F', 'F', 'F']}\n",
      "{'Lattice': ['11.07075023651123', '0.0', '0.0', '0.0', '11.07075023651123', '0.0', '0.0', '0.0', '11.07075023651123'], 'Properties': 'species:S:1:pos:R:3:energies:R:1:forces:R:3', 'original_dataset_index': 1505, 'energy': -880.8509902109319, 'stress': ['-0.01650298955956057', '0.0019251642298012234', '0.0013596089791788485', '0.0019251642298012234', '-0.027257956376151426', '-0.007088360858163551', '0.0013596089791788485', '-0.007088360858163551', '-0.029602800991844987'], 'pbc': ['F', 'F', 'F']}\n",
      "{'Lattice': ['11.07075023651123', '0.0', '0.0', '0.0', '11.07075023651123', '0.0', '0.0', '0.0', '11.07075023651123'], 'Properties': 'species:S:1:pos:R:3:energies:R:1:forces:R:3', 'original_dataset_index': 1506, 'energy': -914.7200503344525, 'stress': ['-0.03170016548913419', '0.0035881745143202504', '-0.013099724305946117', '0.0035881745143202504', '-0.036421338765984565', '0.007344324117825979', '-0.013099724305946117', '0.007344324117825979', '-0.017423453275572664'], 'pbc': ['F', 'F', 'F']}\n",
      "{'Lattice': ['11.06995964050293', '0.0', '0.0', '0.0', '11.06995964050293', '0.0', '0.0', '0.0', '11.378092765808105'], 'Properties': 'species:S:1:pos:R:3:energies:R:1:forces:R:3', 'original_dataset_index': 1507, 'energy': -914.4338222098479, 'stress': ['0.004743341989793399', '0.025030590400028516', '-0.0018420021398981095', '0.025030590400028516', '-0.01333640974049856', '0.006186246667564242', '-0.0018420021398981095', '0.006186246667564242', '0.010614763472289502'], 'pbc': ['F', 'F', 'F']}\n",
      "{'Lattice': ['11.07075023651123', '0.0', '0.0', '0.0', '11.07075023651123', '0.0', '0.0', '0.0', '11.07075023651123'], 'Properties': 'species:S:1:pos:R:3:energies:R:1:forces:R:3', 'original_dataset_index': 1508, 'energy': -916.3575704264707, 'stress': ['-0.034133128066602465', '0.014970826193730108', '-0.01063970316207419', '0.014970826193730108', '-0.0038460754368000814', '-0.007898623229376855', '-0.01063970316207419', '-0.007898623229376855', '-0.03833885474041892'], 'pbc': ['F', 'F', 'F']}\n",
      "{'Lattice': ['11.207184791564941', '0.0', '0.0', '0.0', '11.33141803741455', '0.0', '-1.92757248878479', '0.0', '11.446496963500977'], 'Properties': 'species:S:1:pos:R:3:energies:R:1:forces:R:3', 'original_dataset_index': 1509, 'energy': -921.1152074357873, 'stress': ['0.0018041604540920855', '-0.009460178710341811', '0.00781936341139874', '-0.009460178710341811', '-0.005166725694168134', '-0.002382597266465734', '0.00781936341139874', '-0.002382597266465734', '-0.030702110828716694'], 'pbc': ['F', 'F', 'F']}\n",
      "{'Lattice': ['11.07075023651123', '0.0', '0.0', '0.0', '11.07075023651123', '0.0', '0.0', '0.0', '11.07075023651123'], 'Properties': 'species:S:1:pos:R:3:energies:R:1:forces:R:3', 'original_dataset_index': 1510, 'energy': -906.0881930117719, 'stress': ['-0.04310185225248986', '0.010034458046967074', '-0.015900863926648308', '0.010034458046967074', '-0.03418293199655929', '0.004202824558362502', '-0.015900863926648308', '0.004202824558362502', '-0.043012264819689866'], 'pbc': ['F', 'F', 'F']}\n",
      "{'Lattice': ['11.07075023651123', '0.0', '0.0', '0.0', '11.07075023651123', '0.0', '0.0', '0.0', '11.07075023651123'], 'Properties': 'species:S:1:pos:R:3:energies:R:1:forces:R:3', 'original_dataset_index': 1511, 'energy': -930.9605243871141, 'stress': ['0.023291586412455368', '-0.001887953873119215', '-0.003957593556979709', '-0.001887953873119215', '-0.014015339486142546', '-0.015297737688160154', '-0.003957593556979709', '-0.015297737688160154', '-0.015934509064585167'], 'pbc': ['F', 'F', 'F']}\n",
      "{'Lattice': ['11.07075023651123', '0.0', '0.0', '0.0', '11.07075023651123', '0.0', '0.0', '0.0', '11.07075023651123'], 'Properties': 'species:S:1:pos:R:3:energies:R:1:forces:R:3', 'original_dataset_index': 1512, 'energy': -884.454428103922, 'stress': ['-0.044594188103203175', '-0.002646293213204311', '-0.023410566858599526', '-0.002646293213204311', '-0.027975376202709238', '0.0003887015833702264', '-0.023410566858599526', '0.0003887015833702264', '-0.04928547255496981'], 'pbc': ['F', 'F', 'F']}\n",
      "{'Lattice': ['10.064318656921387', '0.0', '0.0', '0.0', '10.064318656921387', '0.0', '0.0', '0.0', '10.064318656921387'], 'Properties': 'species:S:1:pos:R:3:energies:R:1:forces:R:3', 'original_dataset_index': 1513, 'energy': -938.5213128056016, 'stress': ['-0.1083357848646882', '0.007211561093352169', '-0.027673802304949084', '0.007211561093352169', '-0.12293123217002508', '0.0035545251098874457', '-0.027673802304949084', '0.0035545251098874457', '-0.11355984418050319'], 'pbc': ['F', 'F', 'F']}\n",
      "{'Lattice': ['11.07075023651123', '0.0', '0.0', '0.0', '11.07075023651123', '0.0', '0.0', '0.0', '11.07075023651123'], 'Properties': 'species:S:1:pos:R:3:energies:R:1:forces:R:3', 'original_dataset_index': 1514, 'energy': -927.1295308661819, 'stress': ['-0.02936226583063342', '0.008156484855183485', '0.010506305552466299', '0.008156484855183485', '-0.027427038957863897', '-0.014073594670914043', '0.010506305552466299', '-0.014073594670914043', '-0.043493475262822004'], 'pbc': ['F', 'F', 'F']}\n",
      "{'Lattice': ['11.207184791564941', '0.0', '0.0', '0.0', '11.33141803741455', '0.0', '-1.92757248878479', '0.0', '11.446496963500977'], 'Properties': 'species:S:1:pos:R:3:energies:R:1:forces:R:3', 'original_dataset_index': 1515, 'energy': -923.4788193891717, 'stress': ['-0.028391514947860345', '0.0036413739013940044', '0.012112950260813717', '0.0036413739013940044', '0.005143764760293398', '-0.008011582976081887', '0.012112950260813717', '-0.008011582976081887', '-0.019445251393059745'], 'pbc': ['F', 'F', 'F']}\n",
      "{'Lattice': ['11.08305549621582', '0.0', '0.0', '0.0', '10.96938705444336', '0.0', '0.0', '0.0', '11.445231437683105'], 'Properties': 'species:S:1:pos:R:3:energies:R:1:forces:R:3', 'original_dataset_index': 1516, 'energy': -906.504659650385, 'stress': ['-0.015409361797081213', '-0.009536475334608201', '0.022674877447289837', '-0.009536475334608201', '-0.02589693877965266', '0.01610446470609994', '0.022674877447289837', '0.01610446470609994', '-0.052680611705671274'], 'pbc': ['F', 'F', 'F']}\n",
      "{'Lattice': ['10.075505256652832', '0.0', '0.0', '0.0', '9.972169876098633', '0.0', '0.0', '0.0', '10.404755592346191'], 'Properties': 'species:S:1:pos:R:3:energies:R:1:forces:R:3', 'original_dataset_index': 1517, 'energy': -943.0263077358219, 'stress': ['-0.062050178125976026', '-0.017333952070901295', '0.008088664635602613', '-0.017333952070901295', '-0.04775685981197731', '-0.0017112461649389532', '0.008088664635602613', '-0.0017112461649389532', '-0.07235832694781966'], 'pbc': ['F', 'F', 'F']}\n",
      "{'Lattice': ['11.07075023651123', '0.0', '0.0', '0.0', '11.07075023651123', '0.0', '0.0', '0.0', '11.07075023651123'], 'Properties': 'species:S:1:pos:R:3:energies:R:1:forces:R:3', 'original_dataset_index': 1518, 'energy': -895.5461318001205, 'stress': ['-0.014431242900359288', '0.008920722962744577', '-0.009267822617788345', '0.008920722962744577', '-0.04801301843224365', '-0.0010302893846150865', '-0.009267822617788345', '-0.0010302893846150865', '-0.0290758249694465'], 'pbc': ['F', 'F', 'F']}\n",
      "{'Lattice': ['11.07075023651123', '0.0', '0.0', '0.0', '11.07075023651123', '0.0', '0.0', '0.0', '11.07075023651123'], 'Properties': 'species:S:1:pos:R:3:energies:R:1:forces:R:3', 'original_dataset_index': 1519, 'energy': -884.9189108782323, 'stress': ['-0.013800242521084267', '-0.01618763892183364', '-0.010832301771239405', '-0.01618763892183364', '-0.0415584082713743', '0.009148149651986189', '-0.010832301771239405', '0.009148149651986189', '-0.008857647984866955'], 'pbc': ['F', 'F', 'F']}\n",
      "{'Lattice': ['11.07075023651123', '0.0', '0.0', '0.0', '11.07075023651123', '0.0', '0.0', '0.0', '11.07075023651123'], 'Properties': 'species:S:1:pos:R:3:energies:R:1:forces:R:3', 'original_dataset_index': 1520, 'energy': -907.2299564775707, 'stress': ['-0.014645648243969241', '0.003047909030702672', '-0.011982373029579517', '0.003047909030702672', '-0.03977248719973383', '-0.0034527310076293417', '-0.011982373029579517', '-0.0034527310076293417', '-0.03023084177024698'], 'pbc': ['F', 'F', 'F']}\n",
      "{'Lattice': ['11.07075023651123', '0.0', '0.0', '0.0', '11.07075023651123', '0.0', '0.0', '0.0', '11.07075023651123'], 'Properties': 'species:S:1:pos:R:3:energies:R:1:forces:R:3', 'original_dataset_index': 1521, 'energy': -873.7185693937306, 'stress': ['-0.011379531523557753', '0.00137702649977953', '0.00574244980105266', '0.00137702649977953', '-0.0502206992451698', '-0.013189230001665855', '0.00574244980105266', '-0.013189230001665855', '-0.053403153123785393'], 'pbc': ['F', 'F', 'F']}\n",
      "{'Lattice': ['11.207184791564941', '0.0', '0.0', '0.0', '11.33141803741455', '0.0', '-1.9275647401809692', '0.0', '11.446496963500977'], 'Properties': 'species:S:1:pos:R:3:energies:R:1:forces:R:3', 'original_dataset_index': 1522, 'energy': -934.9241156412813, 'stress': ['0.0019309839548259816', '-0.0090327530624379', '0.00222367343615659', '-0.0090327530624379', '-0.01120995851936374', '0.002768829222339634', '0.00222367343615659', '0.002768829222339634', '-0.010074804727275306'], 'pbc': ['F', 'F', 'F']}\n",
      "{'Lattice': ['11.07075023651123', '0.0', '0.0', '0.0', '11.07075023651123', '0.0', '0.0', '0.0', '11.07075023651123'], 'Properties': 'species:S:1:pos:R:3:energies:R:1:forces:R:3', 'original_dataset_index': 1523, 'energy': -918.2376496486786, 'stress': ['-0.008554878570031838', '0.00034553244757843537', '0.013890863793218055', '0.00034553244757843537', '-0.0034535966572018404', '-0.0029093215656033197', '0.013890863793218055', '-0.0029093215656033197', '-0.018013413556671784'], 'pbc': ['F', 'F', 'F']}\n",
      "{'Lattice': ['11.07075023651123', '0.0', '0.0', '0.0', '11.07075023651123', '0.0', '0.0', '0.0', '11.07075023651123'], 'Properties': 'species:S:1:pos:R:3:energies:R:1:forces:R:3', 'original_dataset_index': 1524, 'energy': -896.3163782517977, 'stress': ['0.0014623693304928434', '-0.015831407169042955', '-0.0041201389686909935', '-0.015831407169042955', '-0.046728549856929424', '0.022878095589420708', '-0.0041201389686909935', '0.022878095589420708', '-0.03882710714738855'], 'pbc': ['F', 'F', 'F']}\n",
      "{'Lattice': ['11.07075023651123', '0.0', '0.0', '0.0', '11.07075023651123', '0.0', '0.0', '0.0', '11.07075023651123'], 'Properties': 'species:S:1:pos:R:3:energies:R:1:forces:R:3', 'original_dataset_index': 1525, 'energy': -885.5645538599223, 'stress': ['-0.02079899528762534', '0.004063400860057446', '-0.0018826785754325953', '0.004063400860057446', '-0.04132661269028249', '-0.019701972292581475', '-0.0018826785754325953', '-0.019701972292581475', '-0.03657447273674058'], 'pbc': ['F', 'F', 'F']}\n",
      "{'Lattice': ['11.207184791564941', '0.0', '0.0', '0.0', '11.33141803741455', '0.0', '-1.9275647401809692', '0.0', '11.446496963500977'], 'Properties': 'species:S:1:pos:R:3:energies:R:1:forces:R:3', 'original_dataset_index': 1526, 'energy': -905.4155595221479, 'stress': ['-0.024853912557319884', '-0.004013501270770428', '-0.012751666261181098', '-0.004013501270770428', '-0.04790568237630221', '-0.0049907174667708385', '-0.012751666261181098', '-0.0049907174667708385', '-0.021292094433991295'], 'pbc': ['F', 'F', 'F']}\n",
      "{'Lattice': ['9.169514656066895', '0.0', '0.0', '0.0', '9.271160125732422', '0.0', '-1.5770983695983887', '0.0', '9.365316390991211'], 'Properties': 'species:S:1:pos:R:3:energies:R:1:forces:R:3', 'original_dataset_index': 1527, 'energy': -825.4578605695033, 'stress': ['-0.6623574035191413', '0.0006854625930111197', '0.05168142170822692', '0.0006854625930111197', '-0.8033325757997898', '0.02984453616117988', '0.05168142170822692', '0.02984453616117988', '-0.8204634031423662'], 'pbc': ['F', 'F', 'F']}\n",
      "{'Lattice': ['11.07075023651123', '0.0', '0.0', '0.0', '11.07075023651123', '0.0', '0.0', '0.0', '11.07075023651123'], 'Properties': 'species:S:1:pos:R:3:energies:R:1:forces:R:3', 'original_dataset_index': 1528, 'energy': -923.8686698517076, 'stress': ['-0.02712973874172859', '0.008954702234679847', '0.004521228659873307', '0.008954702234679847', '-0.014541994847687718', '-0.0071414050795162685', '0.004521228659873307', '-0.0071414050795162685', '-0.03000314022884538'], 'pbc': ['F', 'F', 'F']}\n",
      "{'Lattice': ['10.188349723815918', '0.0', '0.0', '0.0', '10.301289558410645', '0.0', '-1.7523314952850342', '0.0', '10.405906677246094'], 'Properties': 'species:S:1:pos:R:3:energies:R:1:forces:R:3', 'original_dataset_index': 1529, 'energy': -940.1622987042025, 'stress': ['-0.06853318249103299', '0.0056687337331772295', '-0.012519823973186281', '0.0056687337331772295', '-0.09604557472129766', '-0.00207538351016787', '-0.012519823973186281', '-0.00207538351016787', '-0.09007097858827581'], 'pbc': ['F', 'F', 'F']}\n",
      "{'Lattice': ['11.083061218261719', '0.0', '0.0', '0.0', '10.96938705444336', '0.0', '0.0', '0.0', '11.445236206054688'], 'Properties': 'species:S:1:pos:R:3:energies:R:1:forces:R:3', 'original_dataset_index': 1530, 'energy': -934.7784648064363, 'stress': ['0.0032624598842796765', '0.00867025899180601', '0.0019215428729515004', '0.00867025899180601', '0.00990886049016082', '-0.008886594588003565', '0.0019215428729515004', '-0.008886594588003565', '0.015160819994843188'], 'pbc': ['F', 'F', 'F']}\n",
      "{'Lattice': ['11.207184791564941', '0.0', '0.0', '0.0', '11.33141803741455', '0.0', '-1.92757248878479', '0.0', '11.446496963500977'], 'Properties': 'species:S:1:pos:R:3:energies:R:1:forces:R:3', 'original_dataset_index': 1531, 'energy': -937.6968269644515, 'stress': ['-0.012387152116994295', '0.001411464869133988', '0.004204095974154846', '0.001411464869133988', '0.006986194897100763', '-0.017974704312597706', '0.004204095974154846', '-0.017974704312597706', '-0.0004317188094510459'], 'pbc': ['F', 'F', 'F']}\n",
      "{'Lattice': ['11.07075023651123', '0.0', '0.0', '0.0', '11.07075023651123', '0.0', '0.0', '0.0', '11.07075023651123'], 'Properties': 'species:S:1:pos:R:3:energies:R:1:forces:R:3', 'original_dataset_index': 1532, 'energy': -930.5474830542479, 'stress': ['-0.008983437758543265', '0.004256353363833883', '-0.0023094708732407264', '0.004256353363833883', '-0.02126753917794672', '0.00010103078543297673', '-0.0023094708732407264', '0.00010103078543297673', '-0.008949911184283264'], 'pbc': ['F', 'F', 'F']}\n",
      "{'Lattice': ['11.07075023651123', '0.0', '0.0', '0.0', '11.07075023651123', '0.0', '0.0', '0.0', '11.07075023651123'], 'Properties': 'species:S:1:pos:R:3:energies:R:1:forces:R:3', 'original_dataset_index': 1533, 'energy': -886.5805692000064, 'stress': ['-0.03649465782518446', '-0.01205360285307967', '-0.021265291857344496', '-0.01205360285307967', '-0.06450813248939004', '0.011912120458203754', '-0.021265291857344496', '0.011912120458203754', '-0.05070640073666769'], 'pbc': ['F', 'F', 'F']}\n",
      "{'Lattice': ['11.07075023651123', '0.0', '0.0', '0.0', '11.07075023651123', '0.0', '0.0', '0.0', '11.07075023651123'], 'Properties': 'species:S:1:pos:R:3:energies:R:1:forces:R:3', 'original_dataset_index': 1534, 'energy': -928.1895532535684, 'stress': ['-0.01104913677201523', '-0.008725068644271304', '0.003563665740626258', '-0.008725068644271304', '-0.0428228826993642', '0.0005850256855691458', '0.003563665740626258', '0.0005850256855691458', '-0.0484115828069299'], 'pbc': ['F', 'F', 'F']}\n",
      "{'Lattice': ['11.07075023651123', '0.0', '0.0', '0.0', '11.07075023651123', '0.0', '0.0', '0.0', '11.07075023651123'], 'Properties': 'species:S:1:pos:R:3:energies:R:1:forces:R:3', 'original_dataset_index': 1535, 'energy': -874.669279917639, 'stress': ['-0.02966039958534541', '-0.004124092438567364', '-0.003937190724254103', '-0.004124092438567364', '-0.018179262583560916', '-0.0016358782894745994', '-0.003937190724254103', '-0.0016358782894745994', '-0.0323769700706915'], 'pbc': ['F', 'F', 'F']}\n",
      "{'Lattice': ['11.07075023651123', '0.0', '0.0', '0.0', '11.07075023651123', '0.0', '0.0', '0.0', '11.07075023651123'], 'Properties': 'species:S:1:pos:R:3:energies:R:1:forces:R:3', 'original_dataset_index': 1536, 'energy': -918.2532596920737, 'stress': ['-0.023784809511756218', '0.012101527728400266', '0.016633344933005504', '0.012101527728400266', '0.006442218909323402', '-0.00970518875214501', '0.016633344933005504', '-0.00970518875214501', '-0.012997824214946583'], 'pbc': ['F', 'F', 'F']}\n",
      "{'Lattice': ['11.207184791564941', '0.0', '0.0', '0.0', '11.33141803741455', '0.0', '-1.9275647401809692', '0.0', '11.446496963500977'], 'Properties': 'species:S:1:pos:R:3:energies:R:1:forces:R:3', 'original_dataset_index': 1537, 'energy': -909.7743293541297, 'stress': ['-0.04374578236000987', '-0.0008651529748253902', '0.004935864700241233', '-0.0008651529748253902', '-0.02221021202633712', '0.0005376433288911305', '0.004935864700241233', '0.0005376433288911305', '-0.05611197744891023'], 'pbc': ['F', 'F', 'F']}\n",
      "{'Lattice': ['11.07075023651123', '0.0', '0.0', '0.0', '11.07075023651123', '0.0', '0.0', '0.0', '11.07075023651123'], 'Properties': 'species:S:1:pos:R:3:energies:R:1:forces:R:3', 'original_dataset_index': 1538, 'energy': -913.390582899003, 'stress': ['-0.05105689292964695', '0.02841148753815251', '0.021286462659340647', '0.02841148753815251', '-0.025092809384087623', '-0.02124841270116666', '0.021286462659340647', '-0.02124841270116666', '-0.058892187886018355'], 'pbc': ['F', 'F', 'F']}\n",
      "{'Lattice': ['11.07075023651123', '0.0', '0.0', '0.0', '11.07075023651123', '0.0', '0.0', '0.0', '11.07075023651123'], 'Properties': 'species:S:1:pos:R:3:energies:R:1:forces:R:3', 'original_dataset_index': 1539, 'energy': -910.0088846781546, 'stress': ['0.014350183070196181', '0.009181986108583427', '-0.0317170554238281', '0.009181986108583427', '-0.0187982512048769', '0.019696917168540985', '-0.0317170554238281', '0.019696917168540985', '-0.016437705884096675'], 'pbc': ['F', 'F', 'F']}\n",
      "{'Lattice': ['11.07075023651123', '0.0', '0.0', '0.0', '11.07075023651123', '0.0', '0.0', '0.0', '11.07075023651123'], 'Properties': 'species:S:1:pos:R:3:energies:R:1:forces:R:3', 'original_dataset_index': 1540, 'energy': -920.5581085687568, 'stress': ['0.004649417102481763', '-0.004867628160476855', '0.005417609578128898', '-0.004867628160476855', '0.0001679491112775874', '0.002176837640064686', '0.005417609578128898', '0.002176837640064686', '-0.022455870575524336'], 'pbc': ['F', 'F', 'F']}\n",
      "{'Lattice': ['9.169514656066895', '0.0', '0.0', '0.0', '9.271160125732422', '0.0', '-1.5770983695983887', '0.0', '9.365316390991211'], 'Properties': 'species:S:1:pos:R:3:energies:R:1:forces:R:3', 'original_dataset_index': 1541, 'energy': -833.208908272937, 'stress': ['-0.7232151472257528', '0.009203471283965177', '-0.007446920770427042', '0.009203471283965177', '-0.7230602240213277', '0.003967947219882109', '-0.007446920770427042', '0.003967947219882109', '-0.647602678488884'], 'pbc': ['F', 'F', 'F']}\n",
      "{'Lattice': ['11.08305549621582', '0.0', '0.0', '0.0', '10.96938705444336', '0.0', '0.0', '0.0', '11.445231437683105'], 'Properties': 'species:S:1:pos:R:3:energies:R:1:forces:R:3', 'original_dataset_index': 1542, 'energy': -905.9335353183508, 'stress': ['-0.03667142548886041', '0.012115427523092265', '-0.015042129670423458', '0.012115427523092265', '-0.033215689520769545', '0.0007265857194436839', '-0.015042129670423458', '0.0007265857194436839', '-0.05090192301831901'], 'pbc': ['F', 'F', 'F']}\n",
      "{'Lattice': ['11.207184791564941', '0.0', '0.0', '0.0', '11.33141803741455', '0.0', '-1.9275647401809692', '0.0', '11.446496963500977'], 'Properties': 'species:S:1:pos:R:3:energies:R:1:forces:R:3', 'original_dataset_index': 1543, 'energy': -841.2389015724483, 'stress': ['0.1848681352777008', '0.0040413852918637005', '-0.005869108592587742', '0.0040413852918637005', '0.17191424159965832', '-0.008584160205376532', '-0.005869108592587742', '-0.008584160205376532', '0.15162914619800974'], 'pbc': ['F', 'F', 'F']}\n",
      "{'Lattice': ['11.07075023651123', '0.0', '0.0', '0.0', '11.07075023651123', '0.0', '0.0', '0.0', '11.07075023651123'], 'Properties': 'species:S:1:pos:R:3:energies:R:1:forces:R:3', 'original_dataset_index': 1544, 'energy': -931.2501492003934, 'stress': ['0.014981982856080305', '0.009594683812476695', '-0.00980258252521435', '0.009594683812476695', '0.001844305710881112', '0.0057752919395417214', '-0.00980258252521435', '0.0057752919395417214', '0.001809712737186663'], 'pbc': ['F', 'F', 'F']}\n",
      "{'Lattice': ['11.07075023651123', '0.0', '0.0', '0.0', '11.07075023651123', '0.0', '0.0', '0.0', '11.07075023651123'], 'Properties': 'species:S:1:pos:R:3:energies:R:1:forces:R:3', 'original_dataset_index': 1545, 'energy': -881.2835017973064, 'stress': ['-0.01994716377273865', '0.0022336662433228033', '0.020908912798167416', '0.0022336662433228033', '-0.044490804169823595', '-0.0071618007265644885', '0.020908912798167416', '-0.0071618007265644885', '-0.0607883875484895'], 'pbc': ['F', 'F', 'F']}\n",
      "{'Lattice': ['11.07075023651123', '0.0', '0.0', '0.0', '11.07075023651123', '0.0', '0.0', '0.0', '11.07075023651123'], 'Properties': 'species:S:1:pos:R:3:energies:R:1:forces:R:3', 'original_dataset_index': 1546, 'energy': -883.0894223745408, 'stress': ['-0.039014222186499185', '-0.0010284469320230372', '-0.02496674745288035', '-0.0010284469320230372', '-0.05396601801188426', '0.01786870658906926', '-0.02496674745288035', '0.01786870658906926', '-0.056702460488039126'], 'pbc': ['F', 'F', 'F']}\n",
      "{'Lattice': ['11.07075023651123', '0.0', '0.0', '0.0', '11.07075023651123', '0.0', '0.0', '0.0', '11.07075023651123'], 'Properties': 'species:S:1:pos:R:3:energies:R:1:forces:R:3', 'original_dataset_index': 1547, 'energy': -928.9122819430102, 'stress': ['0.004877406070978767', '0.0005476730187920476', '0.0033709701248163418', '0.0005476730187920476', '-0.01013552010834156', '-0.014750138771666142', '0.0033709701248163418', '-0.014750138771666142', '-0.033186336028650995'], 'pbc': ['F', 'F', 'F']}\n",
      "{'Lattice': ['11.07075023651123', '0.0', '0.0', '0.0', '11.07075023651123', '0.0', '0.0', '0.0', '11.07075023651123'], 'Properties': 'species:S:1:pos:R:3:energies:R:1:forces:R:3', 'original_dataset_index': 1548, 'energy': -919.1699576626836, 'stress': ['-0.012876984474779004', '-0.00453845183035596', '0.022725748450338368', '-0.00453845183035596', '-0.02025637604555927', '0.0056725286690462885', '0.022725748450338368', '0.0056725286690462885', '-0.0131984815612993'], 'pbc': ['F', 'F', 'F']}\n",
      "{'Lattice': ['10.075510025024414', '0.0', '0.0', '0.0', '9.972169876098633', '0.0', '0.0', '0.0', '10.404760360717773'], 'Properties': 'species:S:1:pos:R:3:energies:R:1:forces:R:3', 'original_dataset_index': 1549, 'energy': -946.8299544952857, 'stress': ['-0.08575924880167288', '0.011602450098449823', '-0.0016585622379413783', '0.011602450098449823', '-0.07052922714077152', '-0.002561671981687165', '-0.0016585622379413783', '-0.002561671981687165', '-0.10077659596900446'], 'pbc': ['F', 'F', 'F']}\n",
      "{'Lattice': ['11.07075023651123', '0.0', '0.0', '0.0', '11.07075023651123', '0.0', '0.0', '0.0', '11.07075023651123'], 'Properties': 'species:S:1:pos:R:3:energies:R:1:forces:R:3', 'original_dataset_index': 1550, 'energy': -924.2944891737677, 'stress': ['0.015803068653855067', '-0.004670104667673757', '-0.009272245402218937', '-0.004670104667673757', '-0.012146934023797353', '-0.011615901686514921', '-0.009272245402218937', '-0.011615901686514921', '-0.01844965962356603'], 'pbc': ['F', 'F', 'F']}\n",
      "{'Lattice': ['11.07075023651123', '0.0', '0.0', '0.0', '11.07075023651123', '0.0', '0.0', '0.0', '11.07075023651123'], 'Properties': 'species:S:1:pos:R:3:energies:R:1:forces:R:3', 'original_dataset_index': 1551, 'energy': -905.0135558815151, 'stress': ['0.020398426108948618', '-0.020924785959511322', '0.01350296206556177', '-0.020924785959511322', '-0.017918868006476', '-0.01549539411599488', '0.01350296206556177', '-0.01549539411599488', '-0.015143673172182752'], 'pbc': ['F', 'F', 'F']}\n",
      "{'Lattice': ['11.08305549621582', '0.0', '0.0', '0.0', '10.96938705444336', '0.0', '0.0', '0.0', '11.445231437683105'], 'Properties': 'species:S:1:pos:R:3:energies:R:1:forces:R:3', 'original_dataset_index': 1552, 'energy': -952.3715080024101, 'stress': ['0.0003907774582010855', '-0.009232818488616013', '-0.005960513103556518', '-0.009232818488616013', '0.006758136766458927', '-0.00283365548452748', '-0.005960513103556518', '-0.00283365548452748', '-0.0034499701356464968'], 'pbc': ['F', 'F', 'F']}\n",
      "{'Lattice': ['10.188349723815918', '0.0', '0.0', '0.0', '10.301289558410645', '0.0', '-1.7523386478424072', '0.0', '10.405906677246094'], 'Properties': 'species:S:1:pos:R:3:energies:R:1:forces:R:3', 'original_dataset_index': 1553, 'energy': -934.7144087794773, 'stress': ['-0.10294937953970938', '-0.014038416289065119', '-0.016950249473466985', '-0.014038416289065119', '-0.09299317082483811', '-0.012832138662217964', '-0.016950249473466985', '-0.012832138662217964', '-0.08640227351384236'], 'pbc': ['F', 'F', 'F']}\n",
      "{'Lattice': ['11.11279010772705', '0.0', '0.0', '0.0', '6.667190074920654', '0.0', '0.0', '0.0', '13.009989738464355'], 'Properties': 'species:S:1:pos:R:3:energies:R:1:forces:R:3', 'original_dataset_index': 1554, 'energy': -943.0924303238509, 'stress': ['-0.11616647739469439', '-0.029459664094751127', '-0.0037449659948653362', '-0.029459664094751127', '-0.11758173966977403', '-0.006200072359958206', '-0.0037449659948653362', '-0.006200072359958206', '-0.10524212799436022'], 'pbc': ['F', 'F', 'F']}\n",
      "{'Lattice': ['11.07075023651123', '0.0', '0.0', '0.0', '11.07075023651123', '0.0', '0.0', '0.0', '11.07075023651123'], 'Properties': 'species:S:1:pos:R:3:energies:R:1:forces:R:3', 'original_dataset_index': 1555, 'energy': -925.5520572161583, 'stress': ['0.00543359905762548', '-0.0030175035105044485', '-0.0006212992095620587', '-0.0030175035105044485', '-0.024103603885370004', '-0.009803639717999649', '-0.0006212992095620587', '-0.009803639717999649', '-0.0003572375792103004'], 'pbc': ['F', 'F', 'F']}\n",
      "{'Lattice': ['11.07075023651123', '0.0', '0.0', '0.0', '11.07075023651123', '0.0', '0.0', '0.0', '11.07075023651123'], 'Properties': 'species:S:1:pos:R:3:energies:R:1:forces:R:3', 'original_dataset_index': 1556, 'energy': -892.398069607759, 'stress': ['-0.057974264306961926', '-0.01445545144747003', '-0.008432649299499896', '-0.01445545144747003', '-0.024015149993177526', '0.005176253902380911', '-0.008432649299499896', '0.005176253902380911', '-0.018096630886469796'], 'pbc': ['F', 'F', 'F']}\n",
      "{'Lattice': ['10.064318656921387', '0.0', '0.0', '0.0', '10.064318656921387', '0.0', '0.0', '0.0', '10.064318656921387'], 'Properties': 'species:S:1:pos:R:3:energies:R:1:forces:R:3', 'original_dataset_index': 1557, 'energy': -948.4406815629486, 'stress': ['-0.05354966189999225', '0.02248203901614189', '-0.019991206585851892', '0.02248203901614189', '-0.07343886599894188', '-0.0033162199787418944', '-0.019991206585851892', '-0.0033162199787418944', '-0.10069157503418276'], 'pbc': ['F', 'F', 'F']}\n",
      "{'Lattice': ['11.07075023651123', '0.0', '0.0', '0.0', '11.07075023651123', '0.0', '0.0', '0.0', '11.07075023651123'], 'Properties': 'species:S:1:pos:R:3:energies:R:1:forces:R:3', 'original_dataset_index': 1558, 'energy': -932.8996048721978, 'stress': ['-0.008005484132401198', '0.020695347280601857', '0.007597270291196295', '0.020695347280601857', '-0.0059687559737270175', '0.014447415165524355', '0.007597270291196295', '0.014447415165524355', '-0.03126352780282245'], 'pbc': ['F', 'F', 'F']}\n",
      "{'Lattice': ['11.069958686828613', '0.0', '0.0', '0.0', '11.069958686828613', '0.0', '0.0', '0.0', '11.378094673156738'], 'Properties': 'species:S:1:pos:R:3:energies:R:1:forces:R:3', 'original_dataset_index': 1559, 'energy': -901.7110184488389, 'stress': ['0.012962570383485113', '-0.0018053651778161981', '-0.0035002157602100964', '-0.0018053651778161981', '0.007185401185726508', '-0.0008423964959275044', '-0.0035002157602100964', '-0.0008423964959275044', '-0.024103972151335997'], 'pbc': ['F', 'F', 'F']}\n",
      "{'Lattice': ['11.07075023651123', '0.0', '0.0', '0.0', '11.07075023651123', '0.0', '0.0', '0.0', '11.07075023651123'], 'Properties': 'species:S:1:pos:R:3:energies:R:1:forces:R:3', 'original_dataset_index': 1560, 'energy': -929.2529592439498, 'stress': ['0.0013899782341615181', '-0.004326014464139878', '-0.001032880270417288', '-0.004326014464139878', '-0.028596358849499615', '0.0036254946771348013', '-0.001032880270417288', '0.0036254946771348013', '-0.03821734852867386'], 'pbc': ['F', 'F', 'F']}\n",
      "{'Lattice': ['11.083061218261719', '0.0', '0.0', '0.0', '10.96938705444336', '0.0', '0.0', '0.0', '11.445236206054688'], 'Properties': 'species:S:1:pos:R:3:energies:R:1:forces:R:3', 'original_dataset_index': 1561, 'energy': -952.9628721623241, 'stress': ['0.00018715958469661188', '-0.002025741257952209', '-0.0018432988178375108', '-0.002025741257952209', '0.01295781615968513', '0.0007983924742445204', '-0.0018432988178375108', '0.0007983924742445204', '-0.0003596076457781684'], 'pbc': ['F', 'F', 'F']}\n",
      "{'Lattice': ['11.07075023651123', '0.0', '0.0', '0.0', '11.07075023651123', '0.0', '0.0', '0.0', '11.07075023651123'], 'Properties': 'species:S:1:pos:R:3:energies:R:1:forces:R:3', 'original_dataset_index': 1562, 'energy': -928.3801866670951, 'stress': ['-0.01776646877123262', '-0.003207486308549033', '0.005006011282875565', '-0.003207486308549033', '-0.022810178363195134', '-0.0006199244435191979', '0.005006011282875565', '-0.0006199244435191979', '-0.041024483698944327'], 'pbc': ['F', 'F', 'F']}\n",
      "{'Lattice': ['12.224068641662598', '0.0', '0.0', '0.0', '7.333913326263428', '0.0', '0.0', '0.0', '14.310988426208496'], 'Properties': 'species:S:1:pos:R:3:energies:R:1:forces:R:3', 'original_dataset_index': 1563, 'energy': -936.3346579710351, 'stress': ['-0.0018161054077066817', '0.005483317208558523', '0.00718910001316054', '0.005483317208558523', '-0.02102881301101688', '-0.0015158039362247534', '0.00718910001316054', '-0.0015158039362247534', '0.009303995317745447'], 'pbc': ['F', 'F', 'F']}\n",
      "{'Lattice': ['11.07075023651123', '0.0', '0.0', '0.0', '11.07075023651123', '0.0', '0.0', '0.0', '11.07075023651123'], 'Properties': 'species:S:1:pos:R:3:energies:R:1:forces:R:3', 'original_dataset_index': 1564, 'energy': -907.5664770208805, 'stress': ['-0.059880060441581014', '-0.0015012349753262583', '-0.010037853279531581', '-0.0015012349753262583', '-0.05323285256975613', '-0.018947984553810374', '-0.010037853279531581', '-0.018947984553810374', '-0.05699558941845232'], 'pbc': ['F', 'F', 'F']}\n",
      "{'Lattice': ['11.207184791564941', '0.0', '0.0', '0.0', '11.33141803741455', '0.0', '-1.9275647401809692', '0.0', '11.446496963500977'], 'Properties': 'species:S:1:pos:R:3:energies:R:1:forces:R:3', 'original_dataset_index': 1565, 'energy': -922.8557110814163, 'stress': ['-0.009860132615392425', '-0.004706346080670855', '0.005453923746109521', '-0.004706346080670855', '-0.008348927175865573', '0.00958822927776544', '0.005453923746109521', '0.00958822927776544', '-0.003985326678847891'], 'pbc': ['F', 'F', 'F']}\n",
      "{'Lattice': ['9.169514656066895', '0.0', '0.0', '0.0', '9.271160125732422', '0.0', '-1.5770983695983887', '0.0', '9.365316390991211'], 'Properties': 'species:S:1:pos:R:3:energies:R:1:forces:R:3', 'original_dataset_index': 1566, 'energy': -821.4881854780444, 'stress': ['-0.748848068050499', '0.0021623704014116754', '-0.02013377042517428', '0.0021623704014116754', '-0.6953197152767926', '0.04222962598876462', '-0.02013377042517428', '0.04222962598876462', '-0.8117902905384287'], 'pbc': ['F', 'F', 'F']}\n",
      "{'Lattice': ['10.188349723815918', '0.0', '0.0', '0.0', '10.301289558410645', '0.0', '-1.7523314952850342', '0.0', '10.405906677246094'], 'Properties': 'species:S:1:pos:R:3:energies:R:1:forces:R:3', 'original_dataset_index': 1567, 'energy': -941.7678719597878, 'stress': ['-0.057443264305227726', '0.01492573247529928', '0.003830723686171436', '0.01492573247529928', '-0.07353780559085871', '0.006627062825275475', '0.003830723686171436', '0.006627062825275475', '-0.06475557129014943'], 'pbc': ['F', 'F', 'F']}\n",
      "{'Lattice': ['11.07075023651123', '0.0', '0.0', '0.0', '11.07075023651123', '0.0', '0.0', '0.0', '11.07075023651123'], 'Properties': 'species:S:1:pos:R:3:energies:R:1:forces:R:3', 'original_dataset_index': 1568, 'energy': -881.4802466352875, 'stress': ['-0.04894691217928868', '0.0011336401965129684', '0.030963741342311862', '0.0011336401965129684', '-0.029387376180256004', '-0.02016431673973877', '0.030963741342311862', '-0.02016431673973877', '-0.041515373249514334'], 'pbc': ['F', 'F', 'F']}\n",
      "{'Lattice': ['11.07075023651123', '0.0', '0.0', '0.0', '11.07075023651123', '0.0', '0.0', '0.0', '11.07075023651123'], 'Properties': 'species:S:1:pos:R:3:energies:R:1:forces:R:3', 'original_dataset_index': 1569, 'energy': -876.1715692566146, 'stress': ['-0.08394406765171987', '-0.0007591374555177947', '0.021124093296725297', '-0.0007591374555177947', '-0.08050110781801989', '-0.016472948038832393', '0.021124093296725297', '-0.016472948038832393', '-0.08650265742691363'], 'pbc': ['F', 'F', 'F']}\n",
