{
 "cells": [
  {
   "cell_type": "code",
   "outputs": [],
   "source": [
    "import re\n",
    "import pandas as pd\n",
    "import numpy as np"
   ],
   "metadata": {
    "collapsed": false,
    "ExecuteTime": {
     "end_time": "2024-09-08T12:40:03.082032Z",
     "start_time": "2024-09-08T12:39:38.969668Z"
    }
   },
   "id": "2ed816140770a66c",
   "execution_count": 1
  },
  {
   "cell_type": "code",
   "outputs": [],
   "source": [
    "def parse_string_to_dict(s):\n",
    "    # 먼저 key=value 쌍을 구분\n",
    "    pairs = re.findall(r'(\\w+)=(\".*?\"|\\S+)', s)\n",
    "    \n",
    "    # 각 key=value 쌍을 딕셔너리에 저장\n",
    "    parsed_dict = {}\n",
    "    for key, value in pairs:\n",
    "        # 따옴표 제거 및 값의 형태에 따라 변환\n",
    "\n",
    "        if re.match(r'^-?\\d+(\\.\\d+)?$', value):\n",
    "            value = float(value) if '.' in value else int(value)\n",
    "        elif value.startswith('\"') and value.endswith('\"'):\n",
    "            value = list(value[1:-1].split(' '))\n",
    "        parsed_dict[key] = value\n",
    "\n",
    "    return parsed_dict\n",
    "\n",
    "def parse_xyz(filename):\n",
    "    with open(filename, 'r') as file:\n",
    "        lines = file.readlines()\n",
    "    \n",
    "    data = []\n",
    "    start_idx = 0\n",
    "    \n",
    "    while start_idx < len(lines):\n",
    "        num_atoms = int(lines[start_idx].strip())\n",
    "        properties_line = lines[start_idx + 1].strip()\n",
    "        pro_dict = parse_string_to_dict(properties_line)\n",
    "        print(pro_dict)\n",
    "        \n",
    "        energy = float(properties_line.split('energy=')[1].split()[0])\n",
    "        atom_type = []\n",
    "        position = []\n",
    "        force = []\n",
    "        for i in range(start_idx + 2, start_idx + 2 + num_atoms):\n",
    "            parts = lines[i].split()\n",
    "            atom_type.append(parts[0])\n",
    "            position.append([float(parts[1]), float(parts[2]), float(parts[3])])\n",
    "            force.append([float(parts[4]), float(parts[5]), float(parts[6])])\n",
    "        \n",
    "        data.append({\n",
    "            'e': energy,\n",
    "            't': atom_type,\n",
    "            'p': position,\n",
    "            'f': force\n",
    "        })\n",
    "        start_idx += 2 + num_atoms\n",
    "    \n",
    "    return data\n",
    "\n",
    "def reindexing(org, prd):\n",
    "    # org 데이터의 첫 번째 p 값을 키로, 해당 인덱스를 값으로 하는 딕셔너리 생성\n",
    "    org_map = {tuple(item['p'][0]): i for i, item in enumerate(org)}\n",
    "    print(org_map)\n",
    "    # prd 데이터를 재정렬할 리스트\n",
    "    reordered_prd = [None] * len(prd)\n",
    "    \n",
    "    # prd 데이터에서 p 값을 찾아 org_map에 있는 인덱스로 재정렬\n",
    "    for item in prd:\n",
    "        p_value = tuple(item['p'][0])\n",
    "        if p_value in org_map:\n",
    "            reordered_prd[org_map[p_value]] = item\n",
    "    \n",
    "    # 재정렬된 prd 반환\n",
    "    return reordered_prd\n",
    "    \n",
    "\n",
    "def make_df(data):\n",
    "    d = []\n",
    "    for i, item in enumerate(data):\n",
    "        d.append({\n",
    "            'ID': f'TEST_{i:04d}',\n",
    "            'energy': item['e'],\n",
    "            'forces': item['f']\n",
    "        })\n",
    "    df = pd.DataFrame(d)\n",
    "    df['energy_uncertainty'] = 1\n",
    "    cols = ['ID', 'energy', 'energy_uncertainty', 'forces']\n",
    "    df = df[cols]\n",
    "    return df\n"
   ],
   "metadata": {
    "collapsed": true,
    "ExecuteTime": {
     "end_time": "2024-09-08T12:40:03.089236Z",
     "start_time": "2024-09-08T12:40:03.076714Z"
    }
   },
   "id": "initial_id",
   "execution_count": 2
  },
  {
   "cell_type": "code",
   "outputs": [
    {
     "name": "stdout",
     "output_type": "stream",
     "text": [
      "{'Lattice': ['11.07075023651123', '0.0', '0.0', '0.0', '11.07075023651123', '0.0', '0.0', '0.0', '11.07075023651123'], 'Properties': 'species:S:1:pos:R:3:energies:R:1:forces:R:3', 'original_dataset_index': 1500, 'energy': -935.9360961914062, 'stress': ['0.0244381595402956', '0.010940978303551674', '-0.009752786718308926', '0.010940978303551674', '0.016084428876638412', '0.005897898692637682', '-0.009752786718308926', '0.005897898692637682', '-0.007561351638287306'], 'pbc': ['F', 'F', 'F']}\n",
      "{'Lattice': ['11.07075023651123', '0.0', '0.0', '0.0', '11.07075023651123', '0.0', '0.0', '0.0', '11.07075023651123'], 'Properties': 'species:S:1:pos:R:3:energies:R:1:forces:R:3', 'original_dataset_index': 1501, 'energy': -919.5879516601562, 'stress': ['0.010824857279658318', '-0.008262784220278263', '-0.006625918671488762', '-0.008262784220278263', '-0.01857743412256241', '0.019828271120786667', '-0.006625918671488762', '0.019828271120786667', '-0.029410813003778458'], 'pbc': ['F', 'F', 'F']}\n",
      "{'Lattice': ['11.207184791564941', '0.0', '0.0', '0.0', '11.33141803741455', '0.0', '-1.9275647401809692', '0.0', '11.446496963500977'], 'Properties': 'species:S:1:pos:R:3:energies:R:1:forces:R:3', 'original_dataset_index': 1502, 'energy': -947.4765625, 'stress': ['0.030418265610933304', '0.00013224330905359238', '-0.003261120989918709', '0.00013224330905359238', '0.00486134784296155', '0.0006660376093350351', '-0.003261120989918709', '0.0006660376093350351', '0.013094814494252205'], 'pbc': ['F', 'F', 'F']}\n",
      "{'Lattice': ['12.224068641662598', '0.0', '0.0', '0.0', '7.333909034729004', '0.0', '0.0', '0.0', '14.310988426208496'], 'Properties': 'species:S:1:pos:R:3:energies:R:1:forces:R:3', 'original_dataset_index': 1503, 'energy': -917.6923217773438, 'stress': ['0.0065237232483923435', '0.0202871672809124', '-0.009504697285592556', '0.0202871672809124', '-0.0019322335720062256', '-0.0092540942132473', '-0.009504697285592556', '-0.0092540942132473', '-0.011413105763494968'], 'pbc': ['F', 'F', 'F']}\n",
      "{'Lattice': ['11.07075023651123', '0.0', '0.0', '0.0', '11.07075023651123', '0.0', '0.0', '0.0', '11.07075023651123'], 'Properties': 'species:S:1:pos:R:3:energies:R:1:forces:R:3', 'original_dataset_index': 1504, 'energy': -910.8284301757812, 'stress': ['-0.05817753076553345', '0.015265323221683502', '-0.00591946579515934', '0.015265323221683502', '-0.07964187115430832', '-0.022728046402335167', '-0.00591946579515934', '-0.022728046402335167', '-0.05003080144524574'], 'pbc': ['F', 'F', 'F']}\n",
      "{'Lattice': ['11.07075023651123', '0.0', '0.0', '0.0', '11.07075023651123', '0.0', '0.0', '0.0', '11.07075023651123'], 'Properties': 'species:S:1:pos:R:3:energies:R:1:forces:R:3', 'original_dataset_index': 1505, 'energy': -881.4411010742188, 'stress': ['-0.004316921345889568', '0.001008389750495553', '0.002342742867767811', '0.001008389750495553', '-0.014202546328306198', '-0.006300316657871008', '0.002342742867767811', '-0.006300316657871008', '-0.016009995713829994'], 'pbc': ['F', 'F', 'F']}\n",
      "{'Lattice': ['11.07075023651123', '0.0', '0.0', '0.0', '11.07075023651123', '0.0', '0.0', '0.0', '11.07075023651123'], 'Properties': 'species:S:1:pos:R:3:energies:R:1:forces:R:3', 'original_dataset_index': 1506, 'energy': -915.1395263671875, 'stress': ['-0.019428621977567673', '0.003883176017552614', '-0.013288085348904133', '0.003883176017552614', '-0.02288629673421383', '0.007198583334684372', '-0.013288085348904133', '0.007198583334684372', '-0.004320749547332525'], 'pbc': ['F', 'F', 'F']}\n",
      "{'Lattice': ['11.06995964050293', '0.0', '0.0', '0.0', '11.06995964050293', '0.0', '0.0', '0.0', '11.378092765808105'], 'Properties': 'species:S:1:pos:R:3:energies:R:1:forces:R:3', 'original_dataset_index': 1507, 'energy': -914.46923828125, 'stress': ['0.017419403418898582', '0.024971120059490204', '-0.002110093832015991', '0.024971120059490204', '0.0014111329801380634', '0.006424877792596817', '-0.002110093832015991', '0.006424877792596817', '0.023910904303193092'], 'pbc': ['F', 'F', 'F']}\n",
      "{'Lattice': ['11.07075023651123', '0.0', '0.0', '0.0', '11.07075023651123', '0.0', '0.0', '0.0', '11.07075023651123'], 'Properties': 'species:S:1:pos:R:3:energies:R:1:forces:R:3', 'original_dataset_index': 1508, 'energy': -917.1127319335938, 'stress': ['-0.02297384664416313', '0.0155207933858037', '-0.010396848432719707', '0.0155207933858037', '0.008630957454442978', '-0.006874158047139645', '-0.010396848432719707', '-0.006874158047139645', '-0.026768598705530167'], 'pbc': ['F', 'F', 'F']}\n",
      "{'Lattice': ['11.207184791564941', '0.0', '0.0', '0.0', '11.33141803741455', '0.0', '-1.92757248878479', '0.0', '11.446496963500977'], 'Properties': 'species:S:1:pos:R:3:energies:R:1:forces:R:3', 'original_dataset_index': 1509, 'energy': -920.390625, 'stress': ['0.018333233892917633', '-0.009930797852575779', '0.00822105910629034', '-0.009930797852575779', '0.010116776451468468', '-0.0034443303011357784', '0.00822105910629034', '-0.0034443303011357784', '-0.01513595599681139'], 'pbc': ['F', 'F', 'F']}\n",
      "{'Lattice': ['11.07075023651123', '0.0', '0.0', '0.0', '11.07075023651123', '0.0', '0.0', '0.0', '11.07075023651123'], 'Properties': 'species:S:1:pos:R:3:energies:R:1:forces:R:3', 'original_dataset_index': 1510, 'energy': -906.9155883789062, 'stress': ['-0.03217930346727371', '0.009582910686731339', '-0.016028089448809624', '0.009582910686731339', '-0.02169911377131939', '0.004248279146850109', '-0.016028089448809624', '0.004248279146850109', '-0.031001387163996696'], 'pbc': ['F', 'F', 'F']}\n",
      "{'Lattice': ['11.07075023651123', '0.0', '0.0', '0.0', '11.07075023651123', '0.0', '0.0', '0.0', '11.07075023651123'], 'Properties': 'species:S:1:pos:R:3:energies:R:1:forces:R:3', 'original_dataset_index': 1511, 'energy': -931.4434204101562, 'stress': ['0.033640339970588684', '-0.002186948899179697', '-0.003722947323694825', '-0.002186948899179697', '-0.0037592959124594927', '-0.0146704176440835', '-0.003722947323694825', '-0.0146704176440835', '-0.004441047087311745'], 'pbc': ['F', 'F', 'F']}\n",
      "{'Lattice': ['11.07075023651123', '0.0', '0.0', '0.0', '11.07075023651123', '0.0', '0.0', '0.0', '11.07075023651123'], 'Properties': 'species:S:1:pos:R:3:energies:R:1:forces:R:3', 'original_dataset_index': 1512, 'energy': -885.176025390625, 'stress': ['-0.027593476697802544', '-0.003032330423593521', '-0.021274233236908913', '-0.003032330423593521', '-0.011962253600358963', '0.0015293605392798781', '-0.021274233236908913', '0.0015293605392798781', '-0.03649788722395897'], 'pbc': ['F', 'F', 'F']}\n",
      "{'Lattice': ['10.064318656921387', '0.0', '0.0', '0.0', '10.064318656921387', '0.0', '0.0', '0.0', '10.064318656921387'], 'Properties': 'species:S:1:pos:R:3:energies:R:1:forces:R:3', 'original_dataset_index': 1513, 'energy': -938.22509765625, 'stress': ['-0.12006620317697525', '0.00777483033016324', '-0.028362397104501724', '0.00777483033016324', '-0.13313160836696625', '0.004180124029517174', '-0.028362397104501724', '0.004180124029517174', '-0.12277872115373611'], 'pbc': ['F', 'F', 'F']}\n",
      "{'Lattice': ['11.07075023651123', '0.0', '0.0', '0.0', '11.07075023651123', '0.0', '0.0', '0.0', '11.07075023651123'], 'Properties': 'species:S:1:pos:R:3:energies:R:1:forces:R:3', 'original_dataset_index': 1514, 'energy': -927.2783203125, 'stress': ['-0.018487228080630302', '0.009340601041913033', '0.008897935971617699', '0.009340601041913033', '-0.017683569341897964', '-0.014411872252821922', '0.008897935971617699', '-0.014411872252821922', '-0.031203653663396835'], 'pbc': ['F', 'F', 'F']}\n",
      "{'Lattice': ['11.207184791564941', '0.0', '0.0', '0.0', '11.33141803741455', '0.0', '-1.92757248878479', '0.0', '11.446496963500977'], 'Properties': 'species:S:1:pos:R:3:energies:R:1:forces:R:3', 'original_dataset_index': 1515, 'energy': -922.7318115234375, 'stress': ['-0.011310530826449394', '0.0029903093818575144', '0.012412065640091896', '0.0029903093818575144', '0.02083504945039749', '-0.008271143771708012', '0.012412065640091896', '-0.008271143771708012', '-0.002598095452412963'], 'pbc': ['F', 'F', 'F']}\n",
      "{'Lattice': ['11.08305549621582', '0.0', '0.0', '0.0', '10.96938705444336', '0.0', '0.0', '0.0', '11.445231437683105'], 'Properties': 'species:S:1:pos:R:3:energies:R:1:forces:R:3', 'original_dataset_index': 1516, 'energy': -906.6095581054688, 'stress': ['-6.991421832935885e-05', '-0.010377801023423672', '0.023652059957385063', '-0.010377801023423672', '-0.010509068146348', '0.016864530742168427', '0.023652059957385063', '0.016864530742168427', '-0.036869294941425323'], 'pbc': ['F', 'F', 'F']}\n",
      "{'Lattice': ['10.075505256652832', '0.0', '0.0', '0.0', '9.972169876098633', '0.0', '0.0', '0.0', '10.404755592346191'], 'Properties': 'species:S:1:pos:R:3:energies:R:1:forces:R:3', 'original_dataset_index': 1517, 'energy': -943.2523193359375, 'stress': ['-0.0722908228635788', '-0.015885382890701294', '0.00856631901115179', '-0.015885382890701294', '-0.059458713978528976', '-0.0010634568752720952', '0.00856631901115179', '-0.0010634568752720952', '-0.0823005810379982'], 'pbc': ['F', 'F', 'F']}\n",
      "{'Lattice': ['11.07075023651123', '0.0', '0.0', '0.0', '11.07075023651123', '0.0', '0.0', '0.0', '11.07075023651123'], 'Properties': 'species:S:1:pos:R:3:energies:R:1:forces:R:3', 'original_dataset_index': 1518, 'energy': -896.1506958007812, 'stress': ['-0.0032413804437965155', '0.007459055632352829', '-0.009549357928335667', '0.007459055632352829', '-0.03698525205254555', '-0.0007568772998638451', '-0.009549357928335667', '-0.0007568772998638451', '-0.019118625670671463'], 'pbc': ['F', 'F', 'F']}\n",
      "{'Lattice': ['11.07075023651123', '0.0', '0.0', '0.0', '11.07075023651123', '0.0', '0.0', '0.0', '11.07075023651123'], 'Properties': 'species:S:1:pos:R:3:energies:R:1:forces:R:3', 'original_dataset_index': 1519, 'energy': -885.52001953125, 'stress': ['-0.0021370805334299803', '-0.016667013987898827', '-0.010438630357384682', '-0.016667013987898827', '-0.03086545132100582', '0.010779456235468388', '-0.010438630357384682', '0.010779456235468388', '0.0031101496424525976'], 'pbc': ['F', 'F', 'F']}\n",
      "{'Lattice': ['11.07075023651123', '0.0', '0.0', '0.0', '11.07075023651123', '0.0', '0.0', '0.0', '11.07075023651123'], 'Properties': 'species:S:1:pos:R:3:energies:R:1:forces:R:3', 'original_dataset_index': 1520, 'energy': -907.3885498046875, 'stress': ['-0.0013401791220530868', '0.004015672020614147', '-0.013427475467324257', '0.004015672020614147', '-0.025071630254387856', '-0.004396167118102312', '-0.013427475467324257', '-0.004396167118102312', '-0.017501918599009514'], 'pbc': ['F', 'F', 'F']}\n",
      "{'Lattice': ['11.07075023651123', '0.0', '0.0', '0.0', '11.07075023651123', '0.0', '0.0', '0.0', '11.07075023651123'], 'Properties': 'species:S:1:pos:R:3:energies:R:1:forces:R:3', 'original_dataset_index': 1521, 'energy': -874.47265625, 'stress': ['-0.000570693810004741', '0.002018434926867485', '0.008132150396704674', '0.002018434926867485', '-0.039792854338884354', '-0.01527367252856493', '0.008132150396704674', '-0.01527367252856493', '-0.04149513691663742'], 'pbc': ['F', 'F', 'F']}\n",
      "{'Lattice': ['11.207184791564941', '0.0', '0.0', '0.0', '11.33141803741455', '0.0', '-1.9275647401809692', '0.0', '11.446496963500977'], 'Properties': 'species:S:1:pos:R:3:energies:R:1:forces:R:3', 'original_dataset_index': 1522, 'energy': -934.435546875, 'stress': ['0.016408603638410568', '-0.00885546300560236', '0.0020002892706543207', '-0.00885546300560236', '0.0030346254352480173', '0.002191128907725215', '0.0020002892706543207', '0.002191128907725215', '0.0050093610771000385'], 'pbc': ['F', 'F', 'F']}\n",
      "{'Lattice': ['11.07075023651123', '0.0', '0.0', '0.0', '11.07075023651123', '0.0', '0.0', '0.0', '11.07075023651123'], 'Properties': 'species:S:1:pos:R:3:energies:R:1:forces:R:3', 'original_dataset_index': 1523, 'energy': -918.61865234375, 'stress': ['0.0036062910221517086', '0.0017061893595382571', '0.013851271010935307', '0.0017061893595382571', '0.008264089934527874', '-0.002522860188037157', '0.013851271010935307', '-0.002522860188037157', '-0.006039983127266169'], 'pbc': ['F', 'F', 'F']}\n",
      "{'Lattice': ['11.07075023651123', '0.0', '0.0', '0.0', '11.07075023651123', '0.0', '0.0', '0.0', '11.07075023651123'], 'Properties': 'species:S:1:pos:R:3:energies:R:1:forces:R:3', 'original_dataset_index': 1524, 'energy': -896.8222045898438, 'stress': ['0.017539197579026222', '-0.015967728570103645', '-0.0029504154808819294', '-0.015967728570103645', '-0.032728057354688644', '0.024259669706225395', '-0.0029504154808819294', '0.024259669706225395', '-0.02466694638133049'], 'pbc': ['F', 'F', 'F']}\n",
      "{'Lattice': ['11.07075023651123', '0.0', '0.0', '0.0', '11.07075023651123', '0.0', '0.0', '0.0', '11.07075023651123'], 'Properties': 'species:S:1:pos:R:3:energies:R:1:forces:R:3', 'original_dataset_index': 1525, 'energy': -885.982421875, 'stress': ['-0.008302939124405384', '0.003516287077218294', '-0.00045894793584011495', '0.003516287077218294', '-0.029605457559227943', '-0.018483402207493782', '-0.00045894793584011495', '-0.018483402207493782', '-0.024881813675165176'], 'pbc': ['F', 'F', 'F']}\n",
      "{'Lattice': ['11.207184791564941', '0.0', '0.0', '0.0', '11.33141803741455', '0.0', '-1.9275647401809692', '0.0', '11.446496963500977'], 'Properties': 'species:S:1:pos:R:3:energies:R:1:forces:R:3', 'original_dataset_index': 1526, 'energy': -904.1231079101562, 'stress': ['-0.005276700481772423', '-0.005124232266098261', '-0.01206999458372593', '-0.005124232266098261', '-0.029560696333646774', '-0.004345577210187912', '-0.01206999458372593', '-0.004345577210187912', '-0.0012836746172979474'], 'pbc': ['F', 'F', 'F']}\n",
      "{'Lattice': ['9.169514656066895', '0.0', '0.0', '0.0', '9.271160125732422', '0.0', '-1.5770983695983887', '0.0', '9.365316390991211'], 'Properties': 'species:S:1:pos:R:3:energies:R:1:forces:R:3', 'original_dataset_index': 1527, 'energy': -824.5459594726562, 'stress': ['-0.6360253691673279', '0.0018653684528544545', '0.05150165408849716', '0.0018653684528544545', '-0.7725726366043091', '0.028365297242999077', '0.05150165408849716', '0.028365297242999077', '-0.7887176871299744'], 'pbc': ['F', 'F', 'F']}\n",
      "{'Lattice': ['11.07075023651123', '0.0', '0.0', '0.0', '11.07075023651123', '0.0', '0.0', '0.0', '11.07075023651123'], 'Properties': 'species:S:1:pos:R:3:energies:R:1:forces:R:3', 'original_dataset_index': 1528, 'energy': -924.0704345703125, 'stress': ['-0.016850536689162254', '0.00878805574029684', '0.00425757747143507', '0.00878805574029684', '-0.0025317457038909197', '-0.007581875193864107', '0.00425757747143507', '-0.007581875193864107', '-0.01940116100013256'], 'pbc': ['F', 'F', 'F']}\n",
      "{'Lattice': ['10.188349723815918', '0.0', '0.0', '0.0', '10.301289558410645', '0.0', '-1.7523314952850342', '0.0', '10.405906677246094'], 'Properties': 'species:S:1:pos:R:3:energies:R:1:forces:R:3', 'original_dataset_index': 1529, 'energy': -941.0963745117188, 'stress': ['-0.07381186634302139', '0.004984183702617884', '-0.011789058335125446', '0.004984183702617884', '-0.0984436571598053', '-0.002451285719871521', '-0.011789058335125446', '-0.002451285719871521', '-0.09394578635692596'], 'pbc': ['F', 'F', 'F']}\n",
      "{'Lattice': ['11.083061218261719', '0.0', '0.0', '0.0', '10.96938705444336', '0.0', '0.0', '0.0', '11.445236206054688'], 'Properties': 'species:S:1:pos:R:3:energies:R:1:forces:R:3', 'original_dataset_index': 1530, 'energy': -935.0918579101562, 'stress': ['0.014994818717241287', '0.008350396528840065', '0.0025658507365733385', '0.008350396528840065', '0.02141079492866993', '-0.008774751797318459', '0.0025658507365733385', '-0.008774751797318459', '0.025794660672545433'], 'pbc': ['F', 'F', 'F']}\n",
      "{'Lattice': ['11.207184791564941', '0.0', '0.0', '0.0', '11.33141803741455', '0.0', '-1.92757248878479', '0.0', '11.446496963500977'], 'Properties': 'species:S:1:pos:R:3:energies:R:1:forces:R:3', 'original_dataset_index': 1531, 'energy': -936.5509643554688, 'stress': ['0.0044902293011546135', '0.0010865048971027136', '0.004085945896804333', '0.0010865048971027136', '0.022945227101445198', '-0.0177803635597229', '0.004085945896804333', '-0.0177803635597229', '0.016509169712662697'], 'pbc': ['F', 'F', 'F']}\n",
      "{'Lattice': ['11.07075023651123', '0.0', '0.0', '0.0', '11.07075023651123', '0.0', '0.0', '0.0', '11.07075023651123'], 'Properties': 'species:S:1:pos:R:3:energies:R:1:forces:R:3', 'original_dataset_index': 1532, 'energy': -930.8412475585938, 'stress': ['0.0015549689996987581', '0.004156196489930153', '-0.0016496741445735097', '0.004156196489930153', '-0.011158288456499577', '-0.0008055531652644277', '-0.0016496741445735097', '-0.0008055531652644277', '-0.0005823609535582364'], 'pbc': ['F', 'F', 'F']}\n",
      "{'Lattice': ['11.07075023651123', '0.0', '0.0', '0.0', '11.07075023651123', '0.0', '0.0', '0.0', '11.07075023651123'], 'Properties': 'species:S:1:pos:R:3:energies:R:1:forces:R:3', 'original_dataset_index': 1533, 'energy': -887.2714233398438, 'stress': ['-0.020859315991401672', '-0.011549953371286392', '-0.020103376358747482', '-0.011549953371286392', '-0.050864677876234055', '0.012388460338115692', '-0.020103376358747482', '0.012388460338115692', '-0.03285616636276245'], 'pbc': ['F', 'F', 'F']}\n",
      "{'Lattice': ['11.07075023651123', '0.0', '0.0', '0.0', '11.07075023651123', '0.0', '0.0', '0.0', '11.07075023651123'], 'Properties': 'species:S:1:pos:R:3:energies:R:1:forces:R:3', 'original_dataset_index': 1534, 'energy': -928.7505493164062, 'stress': ['-0.0010608722222968936', '-0.009155557490885258', '0.004338504280894995', '-0.009155557490885258', '-0.032403018325567245', '0.0009537579026073217', '0.004338504280894995', '0.0009537579026073217', '-0.03671273589134216'], 'pbc': ['F', 'F', 'F']}\n",
      "{'Lattice': ['11.07075023651123', '0.0', '0.0', '0.0', '11.07075023651123', '0.0', '0.0', '0.0', '11.07075023651123'], 'Properties': 'species:S:1:pos:R:3:energies:R:1:forces:R:3', 'original_dataset_index': 1535, 'energy': -876.6074829101562, 'stress': ['-0.01625673472881317', '-0.003224565414711833', '-0.0017834872705861926', '-0.003224565414711833', '-0.005065484903752804', '-0.0022360740695148706', '-0.0017834872705861926', '-0.0022360740695148706', '-0.01625293493270874'], 'pbc': ['F', 'F', 'F']}\n",
      "{'Lattice': ['11.07075023651123', '0.0', '0.0', '0.0', '11.07075023651123', '0.0', '0.0', '0.0', '11.07075023651123'], 'Properties': 'species:S:1:pos:R:3:energies:R:1:forces:R:3', 'original_dataset_index': 1536, 'energy': -918.8169555664062, 'stress': ['-0.010367076843976974', '0.011860045604407787', '0.015932787209749222', '0.011860045604407787', '0.017960192635655403', '-0.01050760131329298', '0.015932787209749222', '-0.01050760131329298', '-0.00016843175399117172'], 'pbc': ['F', 'F', 'F']}\n",
      "{'Lattice': ['11.207184791564941', '0.0', '0.0', '0.0', '11.33141803741455', '0.0', '-1.9275647401809692', '0.0', '11.446496963500977'], 'Properties': 'species:S:1:pos:R:3:energies:R:1:forces:R:3', 'original_dataset_index': 1537, 'energy': -908.7323608398438, 'stress': ['-0.02726266160607338', '-0.0013273995136842132', '0.0045690289698541164', '-0.0013273995136842132', '-0.005612462293356657', '-3.527779699652456e-05', '0.0045690289698541164', '-3.527779699652456e-05', '-0.041480109095573425'], 'pbc': ['F', 'F', 'F']}\n",
      "{'Lattice': ['11.07075023651123', '0.0', '0.0', '0.0', '11.07075023651123', '0.0', '0.0', '0.0', '11.07075023651123'], 'Properties': 'species:S:1:pos:R:3:energies:R:1:forces:R:3', 'original_dataset_index': 1538, 'energy': -913.560302734375, 'stress': ['-0.039780061691999435', '0.028592046350240707', '0.019957754760980606', '0.028592046350240707', '-0.012717640958726406', '-0.02248888649046421', '0.019957754760980606', '-0.02248888649046421', '-0.046927452087402344'], 'pbc': ['F', 'F', 'F']}\n",
      "{'Lattice': ['11.07075023651123', '0.0', '0.0', '0.0', '11.07075023651123', '0.0', '0.0', '0.0', '11.07075023651123'], 'Properties': 'species:S:1:pos:R:3:energies:R:1:forces:R:3', 'original_dataset_index': 1539, 'energy': -910.4520874023438, 'stress': ['0.02638464793562889', '0.009040305390954018', '-0.0316065289080143', '0.009040305390954018', '-0.007024793885648251', '0.01859389804303646', '-0.0316065289080143', '0.01859389804303646', '-0.0045358529314398766'], 'pbc': ['F', 'F', 'F']}\n",
      "{'Lattice': ['11.07075023651123', '0.0', '0.0', '0.0', '11.07075023651123', '0.0', '0.0', '0.0', '11.07075023651123'], 'Properties': 'species:S:1:pos:R:3:energies:R:1:forces:R:3', 'original_dataset_index': 1540, 'energy': -921.1835327148438, 'stress': ['0.015513774938881397', '-0.004855623003095388', '0.004818031098693609', '-0.004855623003095388', '0.01201385073363781', '0.002513396553695202', '0.004818031098693609', '0.002513396553695202', '-0.00981616135686636'], 'pbc': ['F', 'F', 'F']}\n",
      "{'Lattice': ['9.169514656066895', '0.0', '0.0', '0.0', '9.271160125732422', '0.0', '-1.5770983695983887', '0.0', '9.365316390991211'], 'Properties': 'species:S:1:pos:R:3:energies:R:1:forces:R:3', 'original_dataset_index': 1541, 'energy': -833.1034545898438, 'stress': ['-0.6934227347373962', '0.0046469829976558685', '-0.009341095574200153', '0.0046469829976558685', '-0.6799190044403076', '0.004940628074109554', '-0.009341095574200153', '0.004940628074109554', '-0.6119837164878845'], 'pbc': ['F', 'F', 'F']}\n",
      "{'Lattice': ['11.08305549621582', '0.0', '0.0', '0.0', '10.96938705444336', '0.0', '0.0', '0.0', '11.445231437683105'], 'Properties': 'species:S:1:pos:R:3:energies:R:1:forces:R:3', 'original_dataset_index': 1542, 'energy': -905.9995727539062, 'stress': ['-0.022533273324370384', '0.012212377041578293', '-0.01556004211306572', '0.012212377041578293', '-0.017423860728740692', '-5.321136995917186e-05', '-0.01556004211306572', '-5.321136995917186e-05', '-0.03696582093834877'], 'pbc': ['F', 'F', 'F']}\n",
      "{'Lattice': ['11.207184791564941', '0.0', '0.0', '0.0', '11.33141803741455', '0.0', '-1.9275647401809692', '0.0', '11.446496963500977'], 'Properties': 'species:S:1:pos:R:3:energies:R:1:forces:R:3', 'original_dataset_index': 1543, 'energy': -841.8034057617188, 'stress': ['0.18879175186157227', '0.004906876012682915', '-0.005206045228987932', '0.004906876012682915', '0.1767590492963791', '-0.007006430067121983', '-0.005206045228987932', '-0.007006430067121983', '0.15500125288963318'], 'pbc': ['F', 'F', 'F']}\n",
      "{'Lattice': ['11.07075023651123', '0.0', '0.0', '0.0', '11.07075023651123', '0.0', '0.0', '0.0', '11.07075023651123'], 'Properties': 'species:S:1:pos:R:3:energies:R:1:forces:R:3', 'original_dataset_index': 1544, 'energy': -931.7587280273438, 'stress': ['0.025682466104626656', '0.009474767372012138', '-0.009553825482726097', '0.009474767372012138', '0.013075738213956356', '0.005585308186709881', '-0.009553825482726097', '0.005585308186709881', '0.011514821089804173'], 'pbc': ['F', 'F', 'F']}\n",
      "{'Lattice': ['11.07075023651123', '0.0', '0.0', '0.0', '11.07075023651123', '0.0', '0.0', '0.0', '11.07075023651123'], 'Properties': 'species:S:1:pos:R:3:energies:R:1:forces:R:3', 'original_dataset_index': 1545, 'energy': -881.7758178710938, 'stress': ['-0.002885592868551612', '0.004069376736879349', '0.01924220658838749', '0.004069376736879349', '-0.03051581420004368', '-0.0073562548495829105', '0.01924220658838749', '-0.0073562548495829105', '-0.045509014278650284'], 'pbc': ['F', 'F', 'F']}\n",
      "{'Lattice': ['11.07075023651123', '0.0', '0.0', '0.0', '11.07075023651123', '0.0', '0.0', '0.0', '11.07075023651123'], 'Properties': 'species:S:1:pos:R:3:energies:R:1:forces:R:3', 'original_dataset_index': 1546, 'energy': -883.5336303710938, 'stress': ['-0.02291339635848999', '0.00020390537974890321', '-0.02421822026371956', '0.00020390537974890321', '-0.0406096875667572', '0.018321309238672256', '-0.02421822026371956', '0.018321309238672256', '-0.03938288986682892'], 'pbc': ['F', 'F', 'F']}\n",
      "{'Lattice': ['11.07075023651123', '0.0', '0.0', '0.0', '11.07075023651123', '0.0', '0.0', '0.0', '11.07075023651123'], 'Properties': 'species:S:1:pos:R:3:energies:R:1:forces:R:3', 'original_dataset_index': 1547, 'energy': -929.4340209960938, 'stress': ['0.015401750802993774', '0.0003421651490498334', '0.0037302537821233273', '0.0003421651490498334', '0.0011813027085736394', '-0.0142420819029212', '0.0037302537821233273', '-0.0142420819029212', '-0.022222336381673813'], 'pbc': ['F', 'F', 'F']}\n",
      "{'Lattice': ['11.07075023651123', '0.0', '0.0', '0.0', '11.07075023651123', '0.0', '0.0', '0.0', '11.07075023651123'], 'Properties': 'species:S:1:pos:R:3:energies:R:1:forces:R:3', 'original_dataset_index': 1548, 'energy': -919.6451416015625, 'stress': ['-0.0016344697214663029', '-0.0046760705299675465', '0.0233323834836483', '-0.0046760705299675465', '-0.00922385510057211', '0.00654852669686079', '0.0233323834836483', '0.00654852669686079', '-0.002591356635093689'], 'pbc': ['F', 'F', 'F']}\n",
      "{'Lattice': ['10.075510025024414', '0.0', '0.0', '0.0', '9.972169876098633', '0.0', '0.0', '0.0', '10.404760360717773'], 'Properties': 'species:S:1:pos:R:3:energies:R:1:forces:R:3', 'original_dataset_index': 1549, 'energy': -946.8878173828125, 'stress': ['-0.09257110208272934', '0.011221736669540405', '-0.0017942502163350582', '0.011221736669540405', '-0.07876420766115189', '-0.0031651612371206284', '-0.0017942502163350582', '-0.0031651612371206284', '-0.1077219769358635'], 'pbc': ['F', 'F', 'F']}\n",
      "{'Lattice': ['11.07075023651123', '0.0', '0.0', '0.0', '11.07075023651123', '0.0', '0.0', '0.0', '11.07075023651123'], 'Properties': 'species:S:1:pos:R:3:energies:R:1:forces:R:3', 'original_dataset_index': 1550, 'energy': -924.6107177734375, 'stress': ['0.026590963825583458', '-0.004535822197794914', '-0.008883556351065636', '-0.004535822197794914', '-0.0019924663938581944', '-0.01103103719651699', '-0.008883556351065636', '-0.01103103719651699', '-0.008434318006038666'], 'pbc': ['F', 'F', 'F']}\n",
      "{'Lattice': ['11.07075023651123', '0.0', '0.0', '0.0', '11.07075023651123', '0.0', '0.0', '0.0', '11.07075023651123'], 'Properties': 'species:S:1:pos:R:3:energies:R:1:forces:R:3', 'original_dataset_index': 1551, 'energy': -906.0752563476562, 'stress': ['0.031862445175647736', '-0.020869411528110504', '0.01367795281112194', '-0.020869411528110504', '-0.007462509907782078', '-0.014925885945558548', '0.01367795281112194', '-0.014925885945558548', '-0.003549843328073621'], 'pbc': ['F', 'F', 'F']}\n",
      "{'Lattice': ['11.08305549621582', '0.0', '0.0', '0.0', '10.96938705444336', '0.0', '0.0', '0.0', '11.445231437683105'], 'Properties': 'species:S:1:pos:R:3:energies:R:1:forces:R:3', 'original_dataset_index': 1552, 'energy': -952.3106079101562, 'stress': ['0.009945686906576157', '-0.008737970143556595', '-0.005598403513431549', '-0.008737970143556595', '0.015915635973215103', '-0.0024556575808674097', '-0.005598403513431549', '-0.0024556575808674097', '0.0060514467768371105'], 'pbc': ['F', 'F', 'F']}\n",
      "{'Lattice': ['10.188349723815918', '0.0', '0.0', '0.0', '10.301289558410645', '0.0', '-1.7523386478424072', '0.0', '10.405906677246094'], 'Properties': 'species:S:1:pos:R:3:energies:R:1:forces:R:3', 'original_dataset_index': 1553, 'energy': -935.59912109375, 'stress': ['-0.10956677049398422', '-0.013964174315333366', '-0.015665099024772644', '-0.013964174315333366', '-0.10032273828983307', '-0.012908180244266987', '-0.015665099024772644', '-0.012908180244266987', '-0.09234008938074112'], 'pbc': ['F', 'F', 'F']}\n",
      "{'Lattice': ['11.11279010772705', '0.0', '0.0', '0.0', '6.667190074920654', '0.0', '0.0', '0.0', '13.009989738464355'], 'Properties': 'species:S:1:pos:R:3:energies:R:1:forces:R:3', 'original_dataset_index': 1554, 'energy': -941.8092041015625, 'stress': ['-0.12636196613311768', '-0.030583946034312248', '-0.003352590836584568', '-0.030583946034312248', '-0.12844426929950714', '-0.005688447505235672', '-0.003352590836584568', '-0.005688447505235672', '-0.11677563190460205'], 'pbc': ['F', 'F', 'F']}\n",
      "{'Lattice': ['11.07075023651123', '0.0', '0.0', '0.0', '11.07075023651123', '0.0', '0.0', '0.0', '11.07075023651123'], 'Properties': 'species:S:1:pos:R:3:energies:R:1:forces:R:3', 'original_dataset_index': 1555, 'energy': -926.3851318359375, 'stress': ['0.0175694040954113', '-0.002764119766652584', '-8.059063111431897e-05', '-0.002764119766652584', '-0.01213029120117426', '-0.009286033920943737', '-8.059063111431897e-05', '-0.009286033920943737', '0.012246038764715195'], 'pbc': ['F', 'F', 'F']}\n",
      "{'Lattice': ['11.07075023651123', '0.0', '0.0', '0.0', '11.07075023651123', '0.0', '0.0', '0.0', '11.07075023651123'], 'Properties': 'species:S:1:pos:R:3:energies:R:1:forces:R:3', 'original_dataset_index': 1556, 'energy': -892.5903930664062, 'stress': ['-0.04318053647875786', '-0.01295655220746994', '-0.009106377139687538', '-0.01295655220746994', '-0.009005705825984478', '0.007108405232429504', '-0.009106377139687538', '0.007108405232429504', '-0.002603683155030012'], 'pbc': ['F', 'F', 'F']}\n",
      "{'Lattice': ['10.064318656921387', '0.0', '0.0', '0.0', '10.064318656921387', '0.0', '0.0', '0.0', '10.064318656921387'], 'Properties': 'species:S:1:pos:R:3:energies:R:1:forces:R:3', 'original_dataset_index': 1557, 'energy': -948.5440673828125, 'stress': ['-0.06317025423049927', '0.02296588383615017', '-0.019900266081094742', '0.02296588383615017', '-0.08234979212284088', '-0.0028059009928256273', '-0.019900266081094742', '-0.0028059009928256273', '-0.11004416644573212'], 'pbc': ['F', 'F', 'F']}\n",
      "{'Lattice': ['11.07075023651123', '0.0', '0.0', '0.0', '11.07075023651123', '0.0', '0.0', '0.0', '11.07075023651123'], 'Properties': 'species:S:1:pos:R:3:energies:R:1:forces:R:3', 'original_dataset_index': 1558, 'energy': -933.5327758789062, 'stress': ['0.002111559733748436', '0.02021992951631546', '0.008391174487769604', '0.02021992951631546', '0.004735663533210754', '0.014444784261286259', '0.008391174487769604', '0.014444784261286259', '-0.02063084952533245'], 'pbc': ['F', 'F', 'F']}\n",
      "{'Lattice': ['11.069958686828613', '0.0', '0.0', '0.0', '11.069958686828613', '0.0', '0.0', '0.0', '11.378094673156738'], 'Properties': 'species:S:1:pos:R:3:energies:R:1:forces:R:3', 'original_dataset_index': 1559, 'energy': -901.7764282226562, 'stress': ['0.02657129243016243', '-0.002943614963442087', '-0.0032749269157648087', '-0.002943614963442087', '0.02251310646533966', '-0.000838793464936316', '-0.0032749269157648087', '-0.000838793464936316', '-0.008889342658221722'], 'pbc': ['F', 'F', 'F']}\n",
      "{'Lattice': ['11.07075023651123', '0.0', '0.0', '0.0', '11.07075023651123', '0.0', '0.0', '0.0', '11.07075023651123'], 'Properties': 'species:S:1:pos:R:3:energies:R:1:forces:R:3', 'original_dataset_index': 1560, 'energy': -929.964111328125, 'stress': ['0.011964468285441399', '-0.005502441432327032', '-0.00028213023324497044', '-0.005502441432327032', '-0.01750519871711731', '0.0033333220053464174', '-0.00028213023324497044', '0.0033333220053464174', '-0.02812831476330757'], 'pbc': ['F', 'F', 'F']}\n",
      "{'Lattice': ['11.083061218261719', '0.0', '0.0', '0.0', '10.96938705444336', '0.0', '0.0', '0.0', '11.445236206054688'], 'Properties': 'species:S:1:pos:R:3:energies:R:1:forces:R:3', 'original_dataset_index': 1561, 'energy': -952.9315185546875, 'stress': ['0.011049735359847546', '-0.0026459030341356993', '-0.001711469143629074', '-0.0026459030341356993', '0.023304753005504608', '0.0006806317251175642', '-0.001711469143629074', '0.0006806317251175642', '0.01027600932866335'], 'pbc': ['F', 'F', 'F']}\n",
      "{'Lattice': ['11.07075023651123', '0.0', '0.0', '0.0', '11.07075023651123', '0.0', '0.0', '0.0', '11.07075023651123'], 'Properties': 'species:S:1:pos:R:3:energies:R:1:forces:R:3', 'original_dataset_index': 1562, 'energy': -929.0507202148438, 'stress': ['-0.00810785312205553', '-0.0028669219464063644', '0.004681456834077835', '-0.0028669219464063644', '-0.012506585568189621', '-0.001979348948225379', '0.004681456834077835', '-0.001979348948225379', '-0.029060740023851395'], 'pbc': ['F', 'F', 'F']}\n",
      "{'Lattice': ['12.224068641662598', '0.0', '0.0', '0.0', '7.333913326263428', '0.0', '0.0', '0.0', '14.310988426208496'], 'Properties': 'species:S:1:pos:R:3:energies:R:1:forces:R:3', 'original_dataset_index': 1563, 'energy': -937.3046264648438, 'stress': ['0.004279210232198238', '0.00462400121614337', '0.007055944297462702', '0.00462400121614337', '-0.01675296388566494', '-0.0017567957984283566', '0.007055944297462702', '-0.0017567957984283566', '0.013915489427745342'], 'pbc': ['F', 'F', 'F']}\n",
      "{'Lattice': ['11.07075023651123', '0.0', '0.0', '0.0', '11.07075023651123', '0.0', '0.0', '0.0', '11.07075023651123'], 'Properties': 'species:S:1:pos:R:3:energies:R:1:forces:R:3', 'original_dataset_index': 1564, 'energy': -907.814697265625, 'stress': ['-0.04660475254058838', '-0.0011337046744301915', '-0.010303487069904804', '-0.0011337046744301915', '-0.03866663947701454', '-0.018986478447914124', '-0.010303487069904804', '-0.018986478447914124', '-0.04575269669294357'], 'pbc': ['F', 'F', 'F']}\n",
      "{'Lattice': ['11.207184791564941', '0.0', '0.0', '0.0', '11.33141803741455', '0.0', '-1.9275647401809692', '0.0', '11.446496963500977'], 'Properties': 'species:S:1:pos:R:3:energies:R:1:forces:R:3', 'original_dataset_index': 1565, 'energy': -922.0695190429688, 'stress': ['0.006412588059902191', '-0.0053069270215928555', '0.005024170968681574', '-0.0053069270215928555', '0.009285186417400837', '0.00968849565833807', '0.005024170968681574', '0.00968849565833807', '0.01169932447373867'], 'pbc': ['F', 'F', 'F']}\n",
      "{'Lattice': ['9.169514656066895', '0.0', '0.0', '0.0', '9.271160125732422', '0.0', '-1.5770983695983887', '0.0', '9.365316390991211'], 'Properties': 'species:S:1:pos:R:3:energies:R:1:forces:R:3', 'original_dataset_index': 1566, 'energy': -820.4912719726562, 'stress': ['-0.719210684299469', '0.0007797223515808582', '-0.019885551184415817', '0.0007797223515808582', '-0.6658424139022827', '0.038775671273469925', '-0.019885551184415817', '0.038775671273469925', '-0.7790166139602661'], 'pbc': ['F', 'F', 'F']}\n",
      "{'Lattice': ['10.188349723815918', '0.0', '0.0', '0.0', '10.301289558410645', '0.0', '-1.7523314952850342', '0.0', '10.405906677246094'], 'Properties': 'species:S:1:pos:R:3:energies:R:1:forces:R:3', 'original_dataset_index': 1567, 'energy': -942.4130859375, 'stress': ['-0.06333480775356293', '0.014630075544118881', '0.004030177835375071', '0.014630075544118881', '-0.07861214876174927', '0.006176142953336239', '0.004030177835375071', '0.006176142953336239', '-0.06942946463823318'], 'pbc': ['F', 'F', 'F']}\n",
      "{'Lattice': ['11.07075023651123', '0.0', '0.0', '0.0', '11.07075023651123', '0.0', '0.0', '0.0', '11.07075023651123'], 'Properties': 'species:S:1:pos:R:3:energies:R:1:forces:R:3', 'original_dataset_index': 1568, 'energy': -883.3377075195312, 'stress': ['-0.036669760942459106', '0.0007343611214309931', '0.030027950182557106', '0.0007343611214309931', '-0.014864076860249043', '-0.01901557669043541', '0.030027950182557106', '-0.01901557669043541', '-0.025186797603964806'], 'pbc': ['F', 'F', 'F']}\n",
      "{'Lattice': ['11.07075023651123', '0.0', '0.0', '0.0', '11.07075023651123', '0.0', '0.0', '0.0', '11.07075023651123'], 'Properties': 'species:S:1:pos:R:3:energies:R:1:forces:R:3', 'original_dataset_index': 1569, 'energy': -875.9600219726562, 'stress': ['-0.06615390628576279', '0.00040482202894054353', '0.020276280120015144', '0.00040482202894054353', '-0.06560004502534866', '-0.01789938099682331', '0.020276280120015144', '-0.01789938099682331', '-0.07030262053012848'], 'pbc': ['F', 'F', 'F']}\n",
